8.095278 0.226364 0.000000 0.039254 0.040078 0.000617 0.012828 1.257101 0.918887 4.898732 260.454260
5.844604 0.226437 0.003594 0.039317 0.040200 0.000004 0.018976 1.105054 2.523818 1.697725 13.079621
5.945613 0.226426 0.003891 0.040021 0.040013 0.000558 0.016671 1.239218 0.387255 1.308248 3.540733
7.611160 0.226365 0.000000 0.039562 0.040079 0.000689 0.013607 1.259135 6.151669 6.098962 258.240849
5.972529 0.225789 0.000112 0.040214 0.038416 0.002707 0.010601 1.230314 1.628624 1.481643 255.530457
14.266331 0.226401 0.003828 0.039431 0.040009 0.000242 0.004440 1.162716 2.743766 5.756408 6.209145
14.483807 0.226378 0.003825 0.039668 0.039989 0.000109 0.006709 1.188916 1.055570 5.029441 4.904165
5.977810 0.226392 0.000000 0.039533 0.039818 0.000177 0.013677 1.247206 6.032766 3.289149 258.335768
12.032285 0.225841 0.002855 0.039129 0.041826 0.002669 0.004389 1.260859 2.322512 5.444291 24.210131
6.924213 0.226415 0.003826 0.039999 0.039995 0.001364 0.014692 1.256282 5.853665 6.270256 3.271167
9.541879 0.226474 0.003773 0.039560 0.040463 0.002694 0.005308 1.113610 1.999148 2.031296 7.312870
5.827453 0.228017 0.003366 0.000000 0.009801 0.011794 0.724657 0.304157 0.714693 1.251166 1693.139973
5.986061 0.225592 0.003464 0.041695 0.038991 0.001061 0.022754 0.789676 1.730049 5.337610 49.141567
5.825910 0.228294 0.002366 0.039628 0.035897 0.000413 0.018910 1.012397 5.959095 1.996098 64.345519
7.918272 0.226017 0.004327 0.038704 0.038937 0.002563 0.016593 1.193984 0.907947 4.024478 11.598707
18.292619 0.226394 0.003811 0.039715 0.039998 0.002143 0.006238 1.208250 4.940688 1.659830 4.179520
5.859808 0.227884 0.003285 0.037758 0.038663 0.000932 0.015916 1.263202 5.993226 0.224566 24.658376
5.824112 0.226353 0.003504 0.039794 0.040596 0.001934 0.017104 1.220186 0.696426 3.686131 5.403961
6.092214 0.226724 0.004036 0.038258 0.036742 0.000659 0.036792 1.106570 2.182361 1.848109 20.853223
6.778486 0.226831 0.002716 0.040098 0.035141 0.001386 0.008402 1.132577 2.604646 2.647253 30.477840
6.245316 0.226924 0.003757 0.039002 0.039574 0.000153 0.023108 1.096587 2.590478 5.953519 15.440643
5.913769 0.228025 0.002579 0.019576 0.004610 0.013734 0.752980 0.666308 2.362271 6.136439 643.735667
10.935615 0.226249 0.000221 0.038813 0.040336 0.000891 0.011792 1.269956 3.387950 3.566356 244.031716
9.053517 0.226412 0.003780 0.039718 0.039918 0.000236 0.014073 1.195371 0.820836 0.006991 4.297177
5.835155 0.226403 0.003821 0.039931 0.039991 0.001796 0.014750 1.247374 0.105841 0.498626 3.359856
7.740561 0.226260 0.000074 0.039488 0.039959 0.000530 0.008402 1.248477 6.120014 6.093485 250.278178
52.206382 0.227498 0.004375 0.039726 0.013531 0.007140 0.000927 1.210354 3.167558 1.267006 23.245119
5.824135 0.225786 0.004513 0.035732 0.033987 0.003339 0.062640 0.948324 3.041642 6.139589 60.744438
7.398381 0.226384 0.003814 0.039621 0.040006 0.002872 0.000443 1.191528 4.393513 1.160355 4.929208
5.827518 0.226223 0.004239 0.035947 0.036772 0.003117 0.030317 1.145993 1.865676 5.157604 32.073023
5.960857 0.226444 0.003403 0.039988 0.039262 0.001312 0.010669 1.233423 6.052521 2.594744 6.370671
11.686020 0.226100 0.004825 0.040469 0.039741 0.002101 0.005589 1.207714 6.206989 2.915620 23.624592
9.913879 0.226386 0.000000 0.039462 0.040010 0.002350 0.011566 1.262029 0.161876 3.295742 258.824011
5.989550 0.226404 0.003819 0.039976 0.039997 0.002827 0.016057 1.256840 6.252285 0.136231 3.348571
5.824114 0.226397 0.000000 0.039612 0.039945 0.002363 0.015744 1.258491 6.171826 3.123470 257.545058
6.188229 0.226805 0.003241 0.039905 0.035416 0.001138 0.028429 0.946093 3.798156 4.644796 25.576954
8.371840 0.226292 0.003892 0.039559 0.039937 0.000364 0.003035 1.173945 3.753430 5.934464 5.531035
9.430427 0.226410 0.003977 0.039376 0.039605 0.001737 0.017550 1.131117 3.584302 0.173122 9.025759
11.680771 0.226480 0.004491 0.036678 0.037122 0.003282 0.002572 1.162255 4.604161 1.396761 29.186956
5.845153 0.226471 0.003262 0.041426 0.040055 0.000003 0.032823 6.283185 3.039919 5.813016 272.066055
5.904069 0.226523 0.000000 0.038984 0.037813 0.003064 0.017868 1.089321 5.384152 5.585636 264.585502
5.830213 0.228243 0.003104 0.040985 0.025106 0.003771 0.031500 0.968614 2.780162 2.997757 37.339284
6.092309 0.226384 0.003825 0.039666 0.039936 0.000775 0.005726 1.191865 4.397559 0.444138 4.849502
9.604899 0.226270 0.004319 0.039429 0.039145 0.001406 0.011367 1.153836 1.733118 5.016828 11.582088
5.824130 0.226476 0.002209 0.041178 0.038675 0.000206 0.016513 1.275878 0.083948 0.855997 50.635614
8.673004 0.226372 0.003803 0.039621 0.040053 0.000887 0.000131 1.192992 4.574608 1.184652 4.970352
6.946341 0.226397 0.003802 0.039794 0.039999 0.000014 0.015913 1.224021 0.619800 4.682663 3.718014
13.617665 0.226348 0.003854 0.039235 0.039918 0.000351 0.013294 1.137269 2.147391 1.031427 8.629102
5.853002 0.226935 0.002332 0.039541 0.034095 0.003312 0.019176 1.359514 5.217287 1.550447 45.326063
10.752204 0.226244 0.000000 0.038543 0.039667 0.002865 0.017020 4.411720 2.522030 2.409877 532.861199
5.831589 0.226385 0.003816 0.039887 0.040008 0.001754 0.011122 1.240679 5.604939 6.191399 3.422404
5.824112 0.226365 0.002841 0.038932 0.039616 0.001708 0.007244 1.223386 4.842695 5.332877 22.037343
8.761777 0.226385 0.003825 0.039680 0.039926 0.000064 0.012431 1.222380 0.762688 2.677128 4.201134
8.784672 0.226551 0.004013 0.039535 0.036713 0.003285 0.006336 1.150717 2.974369 6.062707 7.617456
8.293940 0.226435 0.003810 0.039778 0.040015 0.002081 0.009807 1.224961 5.105950 5.458831 3.789988
11.914020 0.228899 0.000313 0.034984 0.004056 0.030071 0.280811 1.238233 6.203790 6.097871 255.395157
5.892203 0.227189 0.002154 0.000000 0.003056 0.033151 1.338866 1.820503 0.245417 4.708099 1665.309420
5.984179 0.226411 0.003852 0.040134 0.039870 0.002254 0.017183 1.221728 5.002152 5.456689 3.538690
6.631207 0.226360 0.003863 0.039499 0.040022 0.000064 0.018112 1.177373 1.117182 3.386327 5.232788
7.286535 0.226261 0.002267 0.037179 0.039832 0.000449 0.014045 1.612166 5.787933 1.784260 77.740491
5.824142 0.226432 0.002376 0.038142 0.035092 0.000564 0.017307 1.117682 3.640226 4.525110 50.320801
5.824112 0.226405 0.003819 0.039994 0.039997 0.002540 0.014953 1.257136 5.959929 6.237083 3.315557
10.193909 0.226319 0.003857 0.039538 0.040178 0.000398 0.003658 1.175496 2.714451 5.568388 5.977700
11.831800 0.226848 0.002665 0.040946 0.036177 0.002922 0.011713 1.135361 0.016293 3.143708 30.084690
6.751112 0.226358 0.003815 0.039123 0.039873 0.000404 0.022791 1.128417 1.782335 5.410210 9.890455
5.827839 0.226407 0.003818 0.040003 0.039995 0.000905 0.016365 1.256218 0.040399 2.741598 3.227522
5.871634 0.226764 0.000000 0.039335 0.038494 0.000182 0.014466 0.701734 5.932496 5.697871 308.942068
7.983641 0.226482 0.002336 0.039642 0.040356 0.000476 0.000821 1.151641 4.012548 4.315868 44.343296
10.465041 0.226347 0.003785 0.039336 0.040125 0.000845 0.018036 1.132043 1.911465 1.454105 9.279664
5.824167 0.225864 0.002668 0.038841 0.040439 0.002468 0.011690 1.168801 3.344676 0.051853 33.121673
5.888071 0.226405 0.003800 0.039810 0.039990 0.001883 0.017141 1.240391 0.489336 0.686191 3.541921
6.889372 0.226370 0.003788 0.039558 0.040012 0.001681 0.003841 1.200290 1.540233 1.655280 5.465609
6.879252 0.226395 0.000000 0.039055 0.040016 0.001598 0.014784 0.003609 5.703725 2.489882 514.164918
10.138585 0.226398 0.003783 0.039621 0.039896 0.001392 0.007479 1.215305 0.494496 3.551576 4.125204
5.839316 0.228189 0.009359 0.025388 0.015602 0.004349 0.163982 0.219835 0.168212 1.083322 999.063742
5.824112 0.226401 0.003782 0.040155 0.039969 0.001671 0.069978 6.283069 3.454096 6.189015 259.949597
5.824112 0.226397 0.000000 0.039666 0.039944 0.000551 0.015840 1.256024 0.005535 3.533939 257.554964
6.017398 0.226663 0.002400 0.038089 0.042877 0.001769 0.010143 0.878421 5.352725 1.997381 80.279806
6.062936 0.227885 0.003957 0.037073 0.037785 0.000387 0.000984 1.244889 1.832315 2.988072 22.019442
8.307010 0.226397 0.003805 0.039767 0.040013 0.002924 0.014538 1.218180 0.719910 3.816915 3.885356
5.938921 0.226389 0.003816 0.039672 0.039962 0.001147 0.006557 1.200642 4.646402 5.228395 4.528208
5.824131 0.226146 0.001150 0.038818 0.039633 0.002722 0.016976 1.243496 4.996611 1.594525 130.049270
6.726503 0.226402 0.003686 0.039665 0.039997 0.001992 0.008088 1.201528 4.612183 4.922434 4.813560
6.797837 0.226395 0.003792 0.039767 0.039977 0.000080 0.016267 1.221405 0.699716 0.148909 3.852328
7.801422 0.226459 0.003598 0.040868 0.039388 0.002640 0.021247 1.071111 3.734195 0.242745 14.262429
9.323728 0.226572 0.003795 0.039292 0.039053 0.000782 0.005663 1.176022 3.260456 6.125106 6.379729
5.909728 0.225354 0.001033 0.036910 0.039786 0.002983 0.005442 1.302404 4.669194 1.507201 157.400823
6.449161 0.226850 0.003691 0.039771 0.038220 0.001212 0.015763 1.252031 4.882952 0.130715 4.458294
5.838430 0.226378 0.003833 0.039803 0.039972 0.000541 0.008120 1.212997 0.268613 2.634058 3.871217
5.824822 0.226065 0.004055 0.040338 0.040818 0.001128 0.004981 1.182065 3.292118 5.625560 8.727436
5.824202 0.226400 0.003776 0.040366 0.039937 0.001139 0.068657 6.283175 3.515077 4.199368 259.973412
5.824136 0.226392 0.000000 0.039657 0.040030 0.002839 0.015512 4.400616 0.005580 3.253197 514.255795
5.824249 0.226369 0.003803 0.039262 0.039864 0.001019 0.006728 1.148267 3.042823 5.820918 6.932809
6.159351 0.226377 0.003815 0.039640 0.040017 0.002759 0.009769 1.194581 1.059460 1.185350 4.923347
12.028187 0.226280 0.003440 0.039651 0.039784 0.000461 0.001447 1.241472 5.882931 2.441559 7.611151
5.847801 0.226215 0.000000 0.038399 0.039648 0.001171 0.010426 1.219316 2.364572 5.874990 270.512654
5.824116 0.226403 0.000099 0.039950 0.039846 0.000410 0.012546 1.250875 0.258320 4.057979 245.853356
5.827044 0.226686 0.003728 0.037258 0.038655 0.000387 0.036899 1.200714 2.870022 3.313837 31.522177
9.579492 0.227078 0.003955 0.040240 0.031116 0.003863 0.005684 1.238343 0.007923 3.135367 7.537061
5.824680 0.226496 0.003457 0.039919 0.039831 0.000548 0.016229 1.266182 6.253870 2.358541 5.570203
5.842982 0.227194 0.004363 0.041834 0.034807 0.000363 0.005228 1.091247 1.322005 2.794888 19.952930
6.612582 0.226829 0.003406 0.039232 0.039041 0.000978 0.010496 1.045962 3.954152 0.267996 15.063238
5.826080 0.226364 0.003951 0.038257 0.038663 0.000029 0.062771 0.915249 2.874890 1.982095 45.714003
7.177952 0.226396 0.003816 0.039968 0.040023 0.000400 0.014514 1.251596 6.228037 0.932725 3.276022
5.824115 0.226395 0.003806 0.039739 0.040017 0.001119 0.017626 1.216167 0.803475 1.093381 4.048887
10.133195 0.227443 0.003683 0.037761 0.036023 0.001512 0.039003 1.044258 3.113887 3.277044 25.669876
13.474382 0.225882 0.003587 0.041370 0.040430 0.000256 0.008815 1.077599 0.398932 0.250021 13.016974
5.870052 0.226401 0.003821 0.039972 0.039987 0.001658 0.016338 1.254188 0.078519 0.511548 3.314986
5.828428 0.226387 0.003807 0.039953 0.040003 0.002898 0.016933 1.251229 5.244301 5.579202 3.310117
5.824774 0.226362 0.003760 0.039815 0.039818 0.000268 0.014361 1.232406 0.474676 2.152747 3.645401
13.063807 0.226350 0.000000 0.039377 0.040260 0.000659 0.006476 1.263390 0.226681 0.094118 261.109361
8.114561 0.226572 0.003821 0.039805 0.039810 0.001027 0.016952 1.210079 4.241577 6.133030 5.840291
6.751790 0.226394 0.003765 0.039865 0.040110 0.000812 0.013795 1.212235 4.874325 6.268750 3.781888
7.330979 0.226967 0.002924 0.042554 0.038966 0.000876 0.013761 1.315999 5.766952 1.995295 32.473838
9.457315 0.226300 0.005341 0.039825 0.040742 0.002644 0.011413 1.209942 1.213355 4.332964 49.538720
10.167741 0.226174 0.003623 0.037850 0.034335 0.003215 0.005646 1.190344 3.115922 3.169487 14.646885
6.549362 0.226482 0.002430 0.037670 0.040134 0.000180 0.006571 1.254016 2.296435 2.318217 45.736755
6.883255 0.226404 0.003818 0.040004 0.039995 0.001893 0.014587 1.251296 5.490103 1.987394 3.184973
11.420153 0.226644 0.004666 0.039784 0.037286 0.003243 0.017724 0.961766 3.874309 0.502853 32.138904
6.880531 0.226406 0.003819 0.040018 0.039995 0.000967 0.014783 1.255652 5.669929 1.697717 3.204836
12.582912 0.226370 0.000000 0.039338 0.040043 0.001387 0.010102 1.256820 0.344921 0.275112 259.682794
13.880937 0.226379 0.003808 0.039688 0.040032 0.000074 0.007548 1.206299 0.694094 0.423093 4.349815
5.829711 0.226419 0.003809 0.039722 0.040006 0.003053 0.007600 1.217127 0.357039 3.344062 3.913721
6.699467 0.226383 0.000000 0.039610 0.040040 0.002826 0.014508 1.256312 6.097151 2.999080 257.886960
13.018369 0.226392 0.003747 0.039574 0.039850 0.000930 0.007273 1.196310 4.453734 4.876316 4.858187
7.898962 0.226241 0.003792 0.039187 0.041025 0.000062 0.045296 0.953776 2.971258 5.724457 32.068955
11.223587 0.226270 0.002566 0.039869 0.038572 0.003004 0.010909 1.053972 3.261399 3.332648 39.360293
9.546080 0.226392 0.000000 0.039409 0.040007 0.000289 0.011995 1.256486 5.907874 6.244004 259.022311
9.114621 0.226658 0.003003 0.039739 0.039145 0.001380 0.017886 1.174100 1.795454 1.521118 20.617168
6.378013 0.226409 0.003815 0.040001 0.039995 0.001173 0.015517 1.254107 6.270984 2.477931 3.225288
13.930180 0.226308 0.002786 0.039823 0.041121 0.000730 0.002983 1.203129 2.071424 5.210244 24.555486
7.697606 0.226483 0.002248 0.039757 0.039941 0.001817 0.011865 1.235917 6.236155 0.035807 46.404736
5.824112 0.227826 0.002326 0.041153 0.023866 0.001662 0.037149 1.261417 3.025128 4.865810 80.497949
6.232606 0.227722 0.000036 0.021215 0.007952 0.009894 0.186058 1.740338 1.548421 1.608946 898.918985
6.904707 0.226038 0.002782 0.039822 0.040356 0.000038 0.011714 1.161356 0.389032 2.411787 24.251316
5.824117 0.228700 0.000253 0.000000 0.003362 0.035973 1.342427 1.032647 5.529745 4.497098 1808.527175
5.827478 0.226363 0.003785 0.039534 0.039914 0.001721 0.017752 1.188877 4.286765 5.100569 5.221763
12.008639 0.226384 0.003817 0.039653 0.039984 0.001534 0.013140 1.193880 4.367152 0.828977 4.803726
12.965404 0.226383 0.000000 0.039164 0.040231 0.000301 0.004989 4.399768 0.078969 3.372053 518.410853
5.824161 0.228935 0.002010 0.034551 0.018326 0.004816 0.036656 2.089555 5.375318 6.054601 228.069655
11.046223 0.226397 0.003811 0.039869 0.040004 0.001014 0.011163 1.235477 0.044073 0.179391 3.490633
7.235327 0.226403 0.003817 0.039952 0.039997 0.001295 0.014539 1.250192 6.276212 0.236612 3.320208
9.848126 0.226382 0.003812 0.039663 0.039990 0.000226 0.002150 1.203295 5.954522 1.666496 4.531826
8.490185 0.226374 0.003787 0.039973 0.040142 0.000629 0.013010 1.246760 5.503804 1.249997 3.302710
5.824112 0.226606 0.001794 0.038608 0.039704 0.000579 0.005301 1.107714 3.879810 0.400756 81.686342
5.824112 0.226397 0.003804 0.039764 0.039504 0.002529 0.007291 1.209028 0.531840 3.417848 4.133507
9.353161 0.226854 0.003715 0.040055 0.037071 0.000644 0.018967 1.070520 2.219438 5.989912 12.599058
5.836045 0.226521 0.003317 0.039767 0.038978 0.000685 0.007504 1.249847 6.163811 1.063002 8.217845
12.806752 0.226432 0.003823 0.039646 0.039929 0.000986 0.001103 1.191217 3.203060 3.343215 5.263832
5.909129 0.226404 0.000327 0.040255 0.040161 0.001831 0.022444 1.172373 2.396945 2.070005 244.004479
5.824112 0.226352 0.003691 0.038918 0.039871 0.000405 0.024560 1.085030 2.739415 3.140621 15.562665
7.437967 0.226469 0.001886 0.040612 0.041950 0.002035 0.013780 1.219444 5.488641 5.797532 69.593005
6.924943 0.226112 0.003181 0.037911 0.045455 0.002680 0.003969 1.250605 5.507451 2.256063 18.334533
5.828862 0.226285 0.002804 0.038882 0.039984 0.002036 0.007142 1.220395 3.313850 0.043756 25.671828
22.412095 0.226819 0.003666 0.039107 0.036333 0.002401 0.009926 1.090216 4.126875 0.819325 9.832721
5.836474 0.226376 0.003819 0.039526 0.039979 0.001167 0.007597 1.175839 3.836876 6.232465 5.848390
9.143426 0.226153 0.002479 0.039064 0.043437 0.000319 0.000548 1.207442 3.211570 3.943523 37.535213
5.824260 0.226870 0.003834 0.040671 0.032801 0.003636 0.017231 1.140893 1.609307 1.588973 10.881870
8.107192 0.226377 0.003826 0.039461 0.039967 0.003052 0.008038 1.166090 3.511612 0.181391 6.519412
6.101839 0.226544 0.002151 0.039857 0.036986 0.001092 0.017187 1.297679 0.036272 0.159788 52.239081
5.824137 0.226422 0.003832 0.039889 0.040029 0.002242 0.017054 1.239495 0.489828 0.639375 3.572800
7.919851 0.226396 0.003797 0.039366 0.040054 0.000075 0.006097 1.166808 2.213803 3.673902 6.484184
7.287622 0.226328 0.000000 0.039268 0.040224 0.001722 0.010162 1.288674 1.027550 0.905438 261.871919
16.964969 0.226690 0.003752 0.038704 0.038190 0.001294 0.012602 1.146871 3.201596 6.269388 9.242097
9.356916 0.226393 0.003816 0.039850 0.040000 0.000237 0.012832 1.232232 0.333899 3.295441 3.530028
7.086038 0.226405 0.003817 0.039990 0.039994 0.000698 0.013919 1.251828 5.649913 1.477724 3.229904
5.824112 0.228348 0.003870 0.042273 0.010484 0.005837 0.055406 1.074217 5.895562 1.992517 25.814018
8.564785 0.226026 0.002431 0.037777 0.036789 0.001203 0.044169 0.944192 2.743119 0.034993 72.093795
5.913703 0.226182 0.002577 0.039271 0.039209 0.000980 0.006420 1.171497 4.568403 5.077296 32.839925
16.387650 0.226369 0.003822 0.039425 0.039881 0.001529 0.010636 1.147622 2.262597 5.545374 7.920889
5.824116 0.228011 0.004050 0.037322 0.031659 0.000596 0.031997 1.178073 3.195022 4.508225 25.391655
5.824164 0.226371 0.003327 0.040088 0.039828 0.002540 0.014688 1.270151 0.036535 0.176967 7.656930
10.233930 0.226389 0.002872 0.039097 0.039679 0.000464 0.006216 1.260007 5.999790 0.398579 20.302265
14.584788 0.226409 0.003662 0.039580 0.040719 0.000676 0.000092 1.180988 4.866612 1.554138 5.502041
7.798455 0.226405 0.003842 0.039833 0.039808 0.000554 0.014669 1.239027 0.543650 3.683744 3.718108
5.870197 0.226334 0.003802 0.039636 0.040043 0.002052 0.003282 1.205091 0.246547 0.579467 4.508535
7.928895 0.226181 0.002369 0.037652 0.039500 0.002152 0.015837 1.284998 0.881940 0.748742 48.274124
5.824201 0.227271 0.002289 0.039108 0.033553 0.000590 0.010414 1.217563 5.604530 1.912311 46.649164
5.847370 0.226391 0.003819 0.039927 0.040112 0.001046 0.013017 1.237376 5.256866 1.273570 3.360799
5.824112 0.226406 0.003814 0.039966 0.039943 0.002099 0.013224 1.247223 5.834724 6.246916 3.321815
