8.737244 0.226376 0.003805 0.039625 0.040010 0.000437 0.001908 1.194797 4.701663 0.125252 4.818051
30.817481 0.228490 0.003834 0.039896 0.001121 0.014869 0.049226 1.189249 2.204654 2.221400 16.910001
9.657993 0.228721 0.000826 0.001592 0.009263 0.002613 1.569130 1.151366 4.966383 5.092699 3066.518129
8.855528 0.227908 0.007008 0.011310 0.001779 0.014080 0.352114 1.382776 2.851923 5.248879 1193.861865
8.909467 0.228192 0.003802 0.039904 0.012928 0.000091 0.041231 1.246974 5.937046 2.144231 13.003999
9.319045 0.228491 0.003839 0.040176 0.002370 0.010031 0.148525 1.216075 0.898296 1.787376 15.924511
8.736182 0.228471 0.003824 0.040149 0.002126 0.010541 0.191040 1.194737 4.954324 4.687757 17.142855
8.736168 0.228338 0.001990 0.041818 0.006869 0.002837 0.047596 1.142474 3.265510 3.289271 91.011883
125.398592 0.228463 0.003817 0.039554 0.003378 0.000585 0.021653 1.183380 3.896052 0.751042 17.558330
10.028001 0.227120 0.003824 0.039343 0.032064 0.001098 0.011234 1.149754 3.061400 6.079890 9.133269
60.430098 0.228483 0.003815 0.039606 0.001036 0.005744 0.015844 1.183942 1.513375 2.287196 17.442685
15.194282 0.228491 0.003814 0.039927 0.002022 0.000440 0.127107 1.214094 6.029638 4.886870 16.109545
9.130164 0.228500 0.003801 0.040240 0.006153 0.009746 0.067176 1.205278 0.556689 3.807362 15.350736
8.739250 0.228488 0.003674 0.039754 0.001554 0.014278 0.102542 1.216803 2.305176 1.821649 17.660176
8.736179 0.228453 0.003809 0.039702 0.004176 0.000498 0.065982 1.198462 4.774723 5.221262 16.523361
10.071457 0.228485 0.003833 0.038426 0.003750 0.032500 0.107079 1.185877 4.886627 5.060113 20.484683
9.225848 0.228465 0.004173 0.037760 0.002180 0.022650 0.261343 1.192044 1.263491 0.714651 28.598278
10.337660 0.228493 0.003819 0.039967 0.003779 0.000664 0.109047 1.231474 5.905694 0.095809 15.488796
8.737078 0.226924 0.003927 0.039758 0.034644 0.000914 0.018475 1.209030 4.607328 6.258579 4.996503
9.633773 0.228433 0.003763 0.039883 0.003754 0.011842 0.059307 1.175032 1.116714 4.045669 17.104764
8.736168 0.228470 0.000000 0.040197 0.001165 0.023799 0.073209 1.258631 0.091905 3.379839 274.258388
8.737512 0.228302 0.003891 0.039976 0.009468 0.004299 0.060436 1.244997 6.004289 5.390932 14.400654
8.738518 0.228461 0.003770 0.040476 0.002001 0.011341 0.162104 1.212169 1.120037 1.976611 15.982780
8.777170 0.228464 0.003814 0.039802 0.002085 0.014406 0.039761 1.180041 1.372173 3.964429 17.334344
8.809952 0.228462 0.003818 0.039886 0.003806 0.020919 0.026292 1.178109 3.099538 3.049656 17.268993
11.304003 0.228458 0.003791 0.039727 0.005313 0.000698 0.076728 1.219985 0.462956 2.495764 15.700792
