10.288856 0.222558 0.003794 0.040572 0.035404 0.004070 0.012705 1.227744 0.468434 0.464457 0.000000
17.111647 0.230903 0.003837 0.039969 0.041853 0.003433 0.007496 1.198821 0.307196 3.447527 1.000000
11.078282 0.224282 0.003820 0.040070 0.035153 0.004119 0.012927 1.214810 0.446381 0.444748 0.000000
22.472574 0.222403 0.003840 0.040471 0.022277 0.004164 0.011017 1.237487 5.493743 5.590357 0.000000
21.377957 0.223053 0.003860 0.040178 0.019773 0.006408 0.015743 1.196622 1.081862 1.012653 0.000000
18.189252 0.223304 0.003801 0.040096 0.025405 0.005405 0.012570 1.227063 0.060008 0.078817 0.000000
16.727216 0.226140 0.003594 0.039820 0.026861 0.005199 0.012629 1.243475 0.259565 0.262160 0.000000
9.925703 0.224422 0.003799 0.040153 0.035934 0.004027 0.014083 1.211830 0.848695 0.801990 0.000000
20.585771 0.225445 0.003843 0.040255 0.023075 0.005104 0.010998 1.192553 5.379982 5.469824 0.000000
21.516907 0.224649 0.003687 0.040392 0.021802 0.006238 0.013712 1.185055 0.453932 0.433681 0.000000
8.802932 0.229191 0.003694 0.040079 0.038328 0.003772 0.012591 1.189825 4.942375 5.129730 0.000000
11.206722 0.224198 0.003787 0.040587 0.036678 0.003954 0.011966 1.230143 6.279586 0.052172 0.000000
13.327018 0.222443 0.003875 0.040516 0.032628 0.004398 0.012876 1.214345 0.448487 0.441572 0.000000
11.115890 0.224004 0.003845 0.040515 0.033793 0.004260 0.012124 1.233103 5.702015 5.809619 0.000000
15.311683 0.222500 0.003760 0.040148 0.028737 0.004855 0.012560 1.263365 0.273182 0.277971 0.000000
15.376666 0.221991 0.004289 0.040271 0.024210 0.005719 0.013418 1.248851 5.112939 5.224263 0.000000
20.041199 0.223438 0.003779 0.040276 0.022506 0.006027 0.013585 1.204120 0.497346 0.474066 0.000000
11.402684 0.223706 0.003736 0.039813 0.035979 0.003944 0.012345 1.206278 0.179100 0.209854 0.000000
12.918961 0.225986 0.003820 0.039685 0.033637 0.004271 0.012584 1.231388 0.256177 0.272861 0.000000
10.978836 0.222426 0.003816 0.040547 0.034124 0.004188 0.012009 1.240581 6.143611 6.206106 0.000000
11.555804 0.222639 0.003751 0.040501 0.033502 0.004194 0.012002 1.225806 5.473547 5.599696 0.000000
17.666920 0.224502 0.003660 0.039695 0.027058 0.004815 0.011381 1.240012 0.067734 0.088411 0.000000
11.152577 0.222941 0.003871 0.040299 0.035415 0.004035 0.012559 1.228507 0.225693 0.251001 0.000000
14.011906 0.223507 0.003930 0.040446 0.030723 0.004442 0.012873 1.233164 5.028375 5.176843 0.000000
11.820428 0.222504 0.003795 0.040584 0.034534 0.004148 0.012293 1.227988 0.275975 0.292391 0.000000
20.091847 0.222124 0.003786 0.039888 0.023355 0.005364 0.014216 1.187579 0.835275 0.779636 0.000000
16.656387 0.223194 0.004128 0.039923 0.025782 0.005436 0.012749 1.207915 6.221597 6.253657 0.000000
12.333115 0.222609 0.003795 0.040416 0.033041 0.004320 0.012113 1.231289 6.116200 6.177665 0.000000
11.586606 0.223797 0.003805 0.040539 0.036099 0.003997 0.012461 1.222135 0.346282 0.358976 0.000000
11.148981 0.222997 0.003811 0.040540 0.033388 0.004295 0.012081 1.227733 6.183635 6.238989 0.000000
19.643154 0.226717 0.003784 0.040469 0.021190 0.005119 0.011721 1.211051 5.796108 5.856791 0.000000
13.599233 0.222969 0.003794 0.040436 0.030053 0.004747 0.012627 1.224026 0.199553 0.214338 0.000000
13.915439 0.222044 0.003839 0.040572 0.030390 0.004670 0.012717 1.266573 5.222070 5.353900 0.000000
9.557800 0.225510 0.003828 0.040053 0.038458 0.003764 0.013041 1.209059 0.586624 0.576417 0.000000
20.840141 0.222200 0.003729 0.040492 0.021995 0.005165 0.012170 1.211859 5.092777 5.199844 0.000000
8.582399 0.227086 0.003747 0.040329 0.041602 0.003466 0.013552 1.190256 0.797938 0.771018 0.000000
9.212045 0.223158 0.003809 0.039901 0.041763 0.003433 0.013915 1.221112 0.830952 0.798158 0.000000
8.451747 0.227716 0.003791 0.040235 0.041158 0.003503 0.012714 1.210243 0.582031 0.583137 0.000000
7.808895 0.226310 0.003741 0.040413 0.042384 0.003419 0.012872 1.221673 4.849254 5.073166 0.000000
8.996553 0.228309 0.003788 0.039910 0.040944 0.003544 0.013732 1.192984 0.754520 0.729974 0.000000
11.461170 0.229313 0.003655 0.039792 0.034350 0.003947 0.012731 1.196938 5.203715 5.360379 0.000000
18.700282 0.228290 0.003840 0.039685 0.040960 0.003539 0.007828 1.225529 4.957021 1.706944 1.000000
11.746123 0.224674 0.003743 0.040589 0.037470 0.002776 0.011614 1.212022 0.284850 0.307027 0.000000
16.806794 0.228987 0.003819 0.039826 0.042063 0.003399 0.007454 1.227011 0.067379 3.187115 1.000000
22.635666 0.223474 0.003805 0.039813 0.038702 0.003635 0.006617 1.231485 5.317824 2.099337 1.000000
14.099448 0.223649 0.003746 0.040421 0.026124 0.005365 0.014252 1.211526 4.808658 4.941160 0.000000
14.123393 0.229831 0.003817 0.039832 0.042609 0.003346 0.007531 1.226597 6.163508 2.981560 1.000000
14.515337 0.227943 0.004002 0.039801 0.044584 0.002909 0.008969 1.191826 0.674003 3.846440 1.000000
19.456036 0.226192 0.003806 0.039872 0.040238 0.003576 0.007100 1.227590 0.359249 3.507148 1.000000
23.973256 0.224172 0.003565 0.040436 0.021784 0.003584 0.012136 1.201747 4.686609 4.845488 0.000000
19.047877 0.227624 0.003790 0.040323 0.025611 0.004479 0.012099 1.187090 0.345509 0.334722 0.000000
6.922697 0.227447 0.003774 0.040097 0.045863 0.002995 0.014191 1.201213 4.756769 5.043094 0.000000
12.402055 0.232210 0.003818 0.039764 0.044199 0.003206 0.007924 1.224701 5.941944 2.731358 1.000000
22.694213 0.224175 0.003762 0.040062 0.019359 0.005915 0.013186 1.225394 5.039240 5.138654 0.000000
14.813060 0.229097 0.003846 0.039637 0.042333 0.003342 0.008012 1.220721 0.481509 3.637051 1.000000
20.873301 0.226000 0.003812 0.039799 0.040297 0.003573 0.007440 1.227885 0.635444 3.804255 1.000000
22.600433 0.222472 0.003875 0.039836 0.037434 0.003846 0.006185 1.242071 5.363098 2.156409 1.000000
11.065612 0.223574 0.003810 0.040563 0.035168 0.004095 0.012111 1.226903 0.032429 0.078978 0.000000
11.368483 0.226352 0.003836 0.040154 0.035777 0.004049 0.012380 1.226539 0.190279 0.220666 0.000000
8.259269 0.226075 0.003838 0.040058 0.042111 0.003427 0.014130 1.201905 0.913279 0.872861 0.000000
15.556195 0.227078 0.003801 0.039734 0.040773 0.003517 0.007401 1.227371 0.461910 3.617272 1.000000
16.564224 0.228461 0.003820 0.039791 0.041849 0.003424 0.007618 1.224418 0.369204 3.515513 1.000000
16.284058 0.226226 0.003818 0.039901 0.040173 0.003587 0.006989 1.229843 0.248977 3.388492 1.000000
13.049160 0.223501 0.004032 0.040250 0.032292 0.004227 0.012890 1.190056 0.568951 0.547798 0.000000
18.441243 0.223955 0.003815 0.039696 0.041058 0.003415 0.007015 1.222582 6.027528 2.841630 1.000000
9.076034 0.228429 0.003686 0.039990 0.041342 0.003387 0.012575 1.225213 0.614322 0.610231 0.000000
10.671075 0.233149 0.003925 0.040282 0.047359 0.002819 0.008949 1.190901 5.321988 2.020923 1.000000
18.840755 0.228253 0.003825 0.039914 0.041362 0.003471 0.007207 1.233020 5.726226 2.516077 1.000000
17.902332 0.223434 0.003716 0.039817 0.027570 0.003547 0.011729 1.195033 0.248368 0.248736 0.000000
10.455367 0.222531 0.003797 0.040394 0.036686 0.003770 0.011741 1.253517 6.117699 6.194978 0.000000
20.594713 0.226052 0.003824 0.039999 0.039709 0.003645 0.006720 1.232641 5.708076 2.506969 1.000000
28.685803 0.223081 0.003756 0.040166 0.015800 0.004433 0.011418 1.195559 0.909725 0.840560 0.000000
1.529253 0.222318 0.003785 0.040051 0.018660 0.006157 0.012719 1.186053 5.404495 5.481208 0.000000
14.708646 0.224249 0.004058 0.039643 0.043112 0.003272 0.007538 1.221223 6.168447 2.984809 1.000000
9.105822 0.224777 0.003650 0.040031 0.014957 0.005687 0.019875 1.228311 0.150188 0.187212 0.000000
25.553436 0.222732 0.003777 0.039687 0.022664 0.004522 0.007574 1.255980 0.142540 3.230068 1.000000
16.426939 0.224284 0.003844 0.040470 0.021405 0.002726 0.006756 1.203183 5.761824 2.453712 1.000000
24.556479 0.224060 0.003602 0.039848 0.013662 0.003224 0.007162 1.214459 5.239187 2.042345 1.000000
7.132359 0.224078 0.003965 0.039907 0.043052 0.002665 0.006924 1.239749 5.601882 2.251804 1.000000
11.505971 0.223735 0.004183 0.039889 0.018772 0.005288 0.018286 1.232696 6.061350 6.153881 0.000000
19.149117 0.221930 0.003533 0.039954 0.018040 0.005357 0.006752 1.230649 4.952908 1.785672 1.000000
15.631756 0.221998 0.004120 0.040070 0.022461 0.004902 0.007184 1.246755 5.595937 2.505362 1.000000
17.067808 0.224905 0.004179 0.040005 0.020663 0.004195 0.016035 1.221718 5.667777 5.807224 0.000000
20.340303 0.223597 0.003529 0.039666 0.010493 0.002772 0.007791 1.181760 5.800094 2.909516 1.000000
29.716710 0.227225 0.003667 0.039612 0.014833 0.002957 0.006763 1.203568 6.035685 2.764412 1.000000
8.284556 0.224337 0.003675 0.039801 0.020263 0.005852 0.013226 1.269314 6.172519 6.265499 0.000000
10.731120 0.224958 0.003775 0.039742 0.014073 0.003201 0.008018 1.187349 4.951175 2.340911 1.000000
7.775875 0.229039 0.003990 0.039789 0.013100 0.006433 0.014979 1.189772 0.318048 0.372715 0.000000
6.184869 0.223309 0.003951 0.040635 0.021230 0.005607 0.007967 1.200935 5.424179 2.022306 1.000000
15.345617 0.224379 0.003592 0.039683 0.014604 0.002828 0.007246 1.244271 6.071156 3.235502 1.000000
8.613074 0.223795 0.004496 0.040449 0.020068 0.005024 0.015608 1.220721 5.223687 5.430497 0.000000
22.733977 0.224605 0.003491 0.039611 0.010277 0.005367 0.017780 1.184566 1.054590 0.973030 0.000000
20.648870 0.223041 0.003589 0.039716 0.012304 0.003692 0.014621 1.208476 6.110200 6.148649 0.000000
8.124346 0.224176 0.004205 0.040319 0.019475 0.005247 0.007786 1.186674 5.374835 1.983352 1.000000
13.329653 0.224025 0.003922 0.039656 0.010107 0.004209 0.006744 1.188559 4.779812 1.744085 1.000000
6.467414 0.224079 0.003767 0.040391 0.020078 0.005705 0.006070 1.190723 4.833812 1.601103 1.000000
19.547159 0.223555 0.004107 0.039896 0.019989 0.004483 0.010619 1.204184 5.933134 6.002070 0.000000
12.683751 0.222459 0.003712 0.040473 0.013761 0.005370 0.016481 1.212142 0.111966 0.187207 0.000000
7.370064 0.223307 0.003490 0.040028 0.031206 0.003691 0.005998 1.195706 1.298104 4.425975 1.000000
20.126609 0.221941 0.004265 0.040144 0.025134 0.003621 0.006479 1.222917 5.112684 1.879297 1.000000
26.517022 0.223950 0.003514 0.039864 0.013862 0.003179 0.006519 1.217843 5.376449 1.968308 1.000000
11.442662 0.227075 0.004053 0.040032 0.012811 0.004128 0.010790 1.193669 5.835759 5.990181 0.000000
14.010975 0.222261 0.003521 0.040660 0.019207 0.004694 0.007448 1.203636 5.573399 2.349697 1.000000
9.248989 0.223751 0.003729 0.040345 0.025026 0.005496 0.007936 1.188530 0.234635 3.134305 1.000000
7.933206 0.226503 0.003878 0.039704 0.014594 0.005148 0.006594 1.201729 6.131879 2.939779 1.000000
11.837664 0.224981 0.004118 0.039859 0.022008 0.005404 0.015892 1.185061 4.665611 4.820452 0.000000
10.040545 0.227375 0.003517 0.039719 0.021557 0.005560 0.006948 1.191823 5.032083 1.627408 1.000000
17.087488 0.226404 0.003717 0.039892 0.016246 0.004404 0.013409 1.233279 5.627662 5.746589 0.000000
8.224022 0.227637 0.003557 0.039636 0.013438 0.004291 0.018135 1.238503 6.022246 6.077153 0.000000
8.507748 0.227474 0.003700 0.039810 0.010756 0.004602 0.012210 1.181125 0.599708 0.523760 0.000000
3.561223 0.224129 0.003611 0.039798 0.017424 0.005141 0.007712 1.232932 6.188072 3.155236 1.000000
25.776491 0.222457 0.004065 0.040166 0.010917 0.004197 0.017679 1.228288 5.852516 5.938011 0.000000
7.802469 0.222421 0.004213 0.040428 0.015010 0.003859 0.006706 1.184552 5.939673 2.860241 1.000000
17.711350 0.225062 0.003810 0.040080 0.015967 0.004713 0.007017 1.200298 0.664614 3.853233 1.000000
23.402435 0.222039 0.003895 0.040425 0.017607 0.003649 0.014571 1.186738 5.160765 5.345332 0.000000
17.575655 0.222284 0.004264 0.040566 0.017672 0.003202 0.006363 1.183828 0.374102 3.318312 1.000000
17.961740 0.224273 0.003723 0.039932 0.022838 0.004869 0.007394 1.206482 4.965707 1.839132 1.000000
28.756532 0.229518 0.003491 0.039762 0.025214 0.005739 0.007445 1.200498 5.847105 2.611061 1.000000
20.931584 0.223192 0.003858 0.040532 0.018307 0.003860 0.011436 1.196829 4.971077 5.140797 0.000000
7.699642 0.222037 0.004209 0.040345 0.010610 0.003358 0.006839 1.182932 0.640706 4.125966 1.000000
18.042083 0.227636 0.004218 0.040050 0.027115 0.004534 0.007523 1.191735 5.100436 1.866193 1.000000
8.203023 0.226044 0.003594 0.040501 0.024386 0.005540 0.010771 1.192902 5.630280 5.783076 0.000000
19.233366 0.224722 0.004096 0.039791 0.010830 0.004843 0.014194 1.196177 0.808039 0.775337 0.000000
24.920319 0.227774 0.003876 0.039867 0.026560 0.004768 0.007804 1.197536 0.040407 3.201496 1.000000
6.265271 0.223781 0.003627 0.040388 0.010707 0.002519 0.007344 1.203276 5.868402 2.986234 1.000000
22.373237 0.223808 0.004145 0.040019 0.010608 0.006524 0.019138 1.225655 5.702559 5.812877 0.000000
16.585429 0.222555 0.003599 0.039916 0.010210 0.005894 0.015665 1.214298 5.668394 5.834691 0.000000
3.742964 0.221940 0.003593 0.039970 0.021691 0.003416 0.007273 1.263188 6.190482 2.720446 1.000000
17.156441 0.224849 0.004262 0.040145 0.020807 0.004341 0.006234 1.203013 6.086226 2.814556 1.000000
7.251168 0.227656 0.003667 0.039743 0.017917 0.005290 0.007086 1.182754 5.171982 1.789133 1.000000
8.093184 0.223187 0.004085 0.040071 0.026666 0.005232 0.015725 1.202250 6.005298 6.128909 0.000000
4.296247 0.222277 0.003752 0.040297 0.025064 0.004755 0.007257 1.218212 0.069959 3.207517 1.000000
6.638966 0.222448 0.004287 0.039743 0.032102 0.003903 0.011101 1.186374 5.577848 5.808437 0.000000
3.506110 0.222449 0.003955 0.039900 0.015626 0.004718 0.006143 1.217255 5.327338 2.072597 1.000000
14.335879 0.222688 0.003926 0.039632 0.016140 0.005495 0.017077 1.269155 0.223304 0.257599 0.000000
8.375714 0.223996 0.003572 0.039897 0.022516 0.005734 0.006354 1.231397 6.204640 3.105301 1.000000
22.618684 0.222946 0.004185 0.040379 0.010875 0.004180 0.019543 1.190763 6.090272 6.145833 0.000000
21.466368 0.222214 0.004389 0.039855 0.021445 0.003984 0.006716 1.216118 5.939186 2.656086 1.000000
13.121825 0.225633 0.004084 0.039690 0.020978 0.004765 0.018456 1.242302 0.460113 0.458291 0.000000
20.621580 0.222267 0.004378 0.039668 0.013975 0.003181 0.008022 1.214311 5.006755 1.823835 1.000000
10.314348 0.227171 0.003623 0.039943 0.013532 0.003831 0.016500 1.210628 5.877124 5.932822 0.000000
13.611542 0.222642 0.004101 0.040305 0.011520 0.005632 0.014500 1.189840 4.796161 4.948256 0.000000
20.461295 0.222222 0.004159 0.040095 0.011142 0.003577 0.013433 1.234391 5.596559 5.738231 0.000000
27.598763 0.224728 0.004301 0.040479 0.026925 0.004665 0.007058 1.182622 5.599911 2.405372 1.000000
4.216867 0.228436 0.003561 0.039843 0.026484 0.003566 0.007798 1.204944 6.098439 3.349433 1.000000
11.333884 0.222082 0.003860 0.039648 0.026541 0.004802 0.006839 1.189677 1.208885 4.207842 1.000000
6.696070 0.222053 0.003770 0.039819 0.023876 0.004758 0.006366 1.246710 4.914212 1.728880 1.000000
19.547675 0.222685 0.003681 0.039730 0.012834 0.003402 0.015276 1.214149 5.594083 5.758355 0.000000
22.494311 0.223010 0.004445 0.040290 0.013891 0.005324 0.016569 1.181044 5.110512 5.255030 0.000000
23.833370 0.226594 0.003731 0.039784 0.024168 0.005075 0.007995 1.203906 6.265603 3.193384 1.000000
14.036428 0.228025 0.003578 0.039708 0.013821 0.004380 0.015898 1.195901 0.031578 0.098664 0.000000
4.073089 0.223192 0.004279 0.039940 0.015973 0.004633 0.006700 1.181661 1.438721 4.627667 1.000000
12.366238 0.226244 0.003671 0.040165 0.010754 0.004466 0.010639 1.196812 5.948469 5.988579 0.000000
19.514421 0.228473 0.004070 0.040027 0.024051 0.004927 0.006643 1.183198 0.081322 3.246071 1.000000
12.881607 0.226465 0.003655 0.039982 0.017721 0.004351 0.007246 1.180653 0.724639 3.659030 1.000000
9.742869 0.225416 0.003590 0.039889 0.033212 0.003479 0.007917 1.228930 4.950984 1.637396 1.000000
11.120069 0.228153 0.004244 0.039654 0.021885 0.003922 0.012497 1.220171 0.043049 0.127770 0.000000
10.685515 0.224050 0.004127 0.040461 0.025096 0.005526 0.007823 1.188918 5.046904 2.423403 1.000000
12.808962 0.223720 0.003485 0.039699 0.020712 0.004975 0.006796 1.209701 5.536408 2.472688 1.000000
4.235038 0.223200 0.003980 0.039953 0.017926 0.005375 0.007618 1.195499 5.935465 3.020265 1.000000
6.273826 0.223419 0.003538 0.040526 0.011106 0.003939 0.007651 1.186580 4.549882 2.012560 1.000000
5.760123 0.223463 0.004062 0.039736 0.014187 0.003514 0.007098 1.194649 1.064458 4.696066 1.000000
4.173837 0.222292 0.004121 0.039728 0.025339 0.005693 0.006436 1.181539 5.099398 1.816966 1.000000
25.611474 0.226421 0.004196 0.039641 0.010578 0.004284 0.010895 1.188026 6.202988 6.281316 0.000000
8.003596 0.222883 0.004049 0.040138 0.015224 0.004606 0.007857 1.205409 5.179204 2.180328 1.000000
20.036068 0.223906 0.003634 0.040467 0.022788 0.005010 0.007790 1.205801 0.436784 3.872825 1.000000
5.796463 0.225199 0.003773 0.040330 0.036861 0.003544 0.006206 1.223552 5.631380 2.342213 1.000000
13.668292 0.229938 0.003903 0.039669 0.014721 0.003627 0.014218 1.210994 6.106331 6.207267 0.000000
4.284553 0.221865 0.003736 0.039711 0.012785 0.003528 0.007733 1.211029 5.901588 3.131850 1.000000
9.664488 0.223846 0.003840 0.039930 0.024818 0.003153 0.010691 1.205100 4.718522 4.938397 0.000000
4.970850 0.224399 0.003799 0.040484 0.012221 0.005450 0.011335 1.192820 5.041198 5.104363 0.000000
21.312540 0.224321 0.004198 0.039880 0.013272 0.005305 0.013820 1.202440 0.748644 0.741009 0.000000
28.812008 0.224978 0.003955 0.039968 0.025014 0.005621 0.007403 1.214582 4.785299 1.612894 1.000000
28.627638 0.223942 0.003983 0.040097 0.023294 0.005013 0.006485 1.215692 5.588976 2.251977 1.000000
12.525870 0.222466 0.004320 0.039931 0.014245 0.004925 0.018533 1.249666 5.810836 5.936918 0.000000
5.117988 0.223936 0.003862 0.039856 0.017084 0.002999 0.007945 1.201401 6.074746 3.253099 1.000000
15.203445 0.224015 0.003484 0.039766 0.024752 0.004510 0.007310 1.224913 5.243494 1.942426 1.000000
4.482755 0.224678 0.003683 0.040082 0.016910 0.003138 0.011550 1.203491 5.191305 5.344687 0.000000
21.045522 0.227018 0.004059 0.039623 0.020043 0.002829 0.007213 1.214161 5.711779 2.442810 1.000000
12.706701 0.224325 0.003758 0.039802 0.010177 0.003858 0.007400 1.220107 4.762953 1.808732 1.000000
6.043995 0.225721 0.003497 0.040162 0.022174 0.004606 0.007482 1.209735 0.249401 3.173779 1.000000
10.211074 0.222271 0.003666 0.039657 0.023217 0.002666 0.007157 1.216857 0.150092 3.175487 1.000000
27.376002 0.222295 0.003991 0.040205 0.010440 0.004141 0.013073 1.203184 1.049832 0.987060 0.000000
9.911455 0.223802 0.004113 0.040124 0.011428 0.002567 0.007721 1.187570 5.415532 2.790239 1.000000
16.083037 0.227274 0.004365 0.039719 0.021894 0.003449 0.006836 1.209419 6.008428 2.853518 1.000000
4.651419 0.227126 0.003762 0.039935 0.023308 0.003682 0.007475 1.217228 6.062776 2.687147 1.000000
4.631922 0.229837 0.003790 0.039668 0.025913 0.003748 0.006984 1.182578 5.797398 2.720046 1.000000
6.965363 0.222266 0.003982 0.039716 0.014876 0.003035 0.007780 1.191436 6.249981 2.800365 1.000000
3.885374 0.226737 0.003513 0.039944 0.011387 0.004984 0.016451 1.195081 4.964732 5.116165 0.000000
3.227463 0.226645 0.003827 0.039639 0.026082 0.003873 0.006464 1.213749 5.481185 2.551160 1.000000
4.808290 0.223764 0.003685 0.039836 0.017198 0.003253 0.007462 1.182971 5.562656 2.310793 1.000000
4.540052 0.224935 0.003913 0.039706 0.010970 0.005445 0.006611 1.213212 5.115261 1.777604 1.000000
13.287870 0.227110 0.004006 0.040111 0.011488 0.003399 0.014275 1.181678 5.598153 5.693880 0.000000
15.733790 0.222915 0.003566 0.039839 0.025577 0.005382 0.007302 1.181092 1.609969 4.737657 1.000000
12.884277 0.225337 0.003957 0.039616 0.021253 0.003242 0.011057 1.198773 0.184163 0.260855 0.000000
10.665515 0.228831 0.003603 0.039628 0.013364 0.005546 0.015793 1.193197 6.168828 0.029939 0.000000
12.600703 0.224741 0.003799 0.040405 0.025733 0.004510 0.015808 1.218446 5.031114 5.232641 0.000000
26.022484 0.222297 0.003567 0.039841 0.010215 0.003875 0.019332 1.216230 5.221061 5.482548 0.000000
12.283021 0.223814 0.003623 0.039642 0.024413 0.005483 0.006537 1.266204 5.695822 2.190374 1.000000
11.015331 0.222081 0.004200 0.039892 0.018490 0.003101 0.006987 1.214773 0.677728 3.763440 1.000000
13.642598 0.223361 0.004029 0.039815 0.012161 0.003138 0.006348 1.208003 0.486759 3.501623 1.000000
24.298883 0.224459 0.003567 0.040258 0.010182 0.006464 0.014799 1.204011 0.318916 0.323550 0.000000
6.537235 0.223295 0.003637 0.039622 0.010536 0.006221 0.014679 1.243644 0.668274 0.516926 0.000000
17.510275 0.223133 0.004218 0.039861 0.020169 0.003616 0.007536 1.190828 1.081702 4.002762 1.000000
17.562660 0.224559 0.003627 0.040158 0.024264 0.005308 0.007916 1.209856 0.409953 3.333744 1.000000
7.073210 0.223940 0.003562 0.040276 0.028304 0.004127 0.017401 1.269110 5.819198 5.992587 0.000000
7.919935 0.227376 0.004217 0.039874 0.020427 0.004358 0.007825 1.206558 5.926967 2.955357 1.000000
13.684972 0.222395 0.003829 0.040653 0.017855 0.004414 0.007179 1.182448 5.768023 2.522354 1.000000
8.668627 0.222415 0.003714 0.040381 0.028934 0.004196 0.018579 1.259359 0.451162 0.463430 0.000000
27.300359 0.222432 0.003757 0.039840 0.014916 0.004187 0.018162 1.208735 0.758064 0.652345 0.000000
14.918134 0.227250 0.003748 0.039888 0.017209 0.002862 0.006783 1.188000 0.610074 4.197991 1.000000
11.209303 0.223599 0.004174 0.040495 0.023876 0.005261 0.016461 1.194552 0.053126 0.102540 0.000000
9.126068 0.223544 0.003723 0.040139 0.017049 0.003600 0.017982 1.200994 5.671159 5.871337 0.000000
20.485612 0.226800 0.003982 0.039629 0.016014 0.004681 0.007239 1.198369 5.005349 1.853232 1.000000
15.763292 0.229304 0.003571 0.039659 0.013438 0.003496 0.011257 1.202965 6.145178 6.193782 0.000000
26.406472 0.227598 0.004242 0.039700 0.010639 0.004752 0.007375 1.185199 5.642646 2.442321 1.000000
23.027904 0.223805 0.004287 0.039693 0.010064 0.005052 0.016561 1.210329 5.095891 5.254973 0.000000
10.964711 0.224246 0.003733 0.040594 0.028179 0.004563 0.011534 1.206269 5.863161 5.978064 0.000000
5.113380 0.222201 0.004033 0.040069 0.010581 0.005295 0.010842 1.184724 5.607039 5.770475 0.000000
25.338339 0.221972 0.003846 0.040011 0.021413 0.004542 0.007078 1.209550 5.074237 1.846120 1.000000
10.939174 0.223648 0.004325 0.039639 0.024810 0.005551 0.007360 1.240435 5.819922 2.808203 1.000000
12.947973 0.225672 0.003861 0.040221 0.011218 0.003639 0.018759 1.180794 4.982199 5.263558 0.000000
8.132419 0.222474 0.003635 0.040354 0.014002 0.005964 0.016323 1.181831 5.895685 6.015336 0.000000
27.532018 0.225966 0.004080 0.039870 0.025008 0.003417 0.007573 1.201705 0.725517 3.909424 1.000000
3.586308 0.223172 0.004042 0.040003 0.025082 0.005292 0.006504 1.196675 5.555811 2.858503 1.000000
9.123744 0.226376 0.003647 0.039660 0.032143 0.003033 0.007103 1.220337 5.937636 2.641131 1.000000
12.859404 0.223022 0.004064 0.039657 0.016196 0.004054 0.016624 1.189774 4.555096 4.836102 0.000000
13.492082 0.222605 0.004188 0.040354 0.013952 0.003833 0.015692 1.220774 0.176768 0.234758 0.000000
7.349431 0.223066 0.004294 0.039686 0.021429 0.004255 0.007683 1.196708 0.225882 3.880865 1.000000
5.291339 0.225057 0.004361 0.039622 0.030394 0.003549 0.006256 1.207342 5.252772 1.866021 1.000000
18.468422 0.224897 0.004047 0.040099 0.016527 0.004436 0.006362 1.196630 5.088235 1.700483 1.000000
27.721514 0.222026 0.004184 0.040527 0.010001 0.003142 0.012101 1.197619 5.138737 5.379752 0.000000
4.092061 0.223842 0.003570 0.039842 0.013275 0.005825 0.012652 1.231181 5.033156 5.191503 0.000000
17.526228 0.222993 0.003965 0.039672 0.036073 0.003051 0.006914 1.267999 0.164338 3.276527 1.000000
10.093077 0.223884 0.003979 0.039803 0.018787 0.002979 0.006689 1.214475 0.014982 3.002631 1.000000
19.910982 0.229815 0.003521 0.039642 0.011336 0.003062 0.006817 1.183657 5.287446 2.044812 1.000000
18.777708 0.223785 0.004252 0.039801 0.019284 0.004178 0.007489 1.192349 6.275140 3.003833 1.000000
5.750482 0.223259 0.003605 0.040405 0.023856 0.003586 0.006907 1.226233 5.619112 3.146035 1.000000
15.516634 0.226360 0.003780 0.039812 0.017375 0.003192 0.007566 1.208358 6.094687 3.483671 1.000000
10.667616 0.224147 0.004418 0.040045 0.022189 0.005396 0.013313 1.184617 4.598554 4.765050 0.000000
29.982551 0.227160 0.003935 0.039749 0.015035 0.003318 0.013987 1.181949 0.711787 0.636121 0.000000
5.623150 0.226118 0.003701 0.039667 0.011725 0.004255 0.014201 1.208344 0.681474 0.592812 0.000000
3.111959 0.222403 0.003590 0.040124 0.016825 0.004614 0.018145 1.291331 6.132568 6.145908 0.000000
12.345229 0.226599 0.004078 0.039975 0.012434 0.005746 0.017780 1.215008 5.507172 5.638953 0.000000
14.650244 0.224225 0.003790 0.040081 0.019481 0.004029 0.006198 1.184251 0.501295 3.527880 1.000000
10.180875 0.222325 0.003921 0.040674 0.020777 0.004597 0.007410 1.209477 5.173805 1.648424 1.000000
3.861565 0.225334 0.003717 0.040218 0.014860 0.003058 0.007665 1.186205 0.355646 3.961102 1.000000
3.384894 0.221991 0.004249 0.039958 0.015628 0.003587 0.013998 1.182094 5.573846 5.762866 0.000000
6.896386 0.224036 0.003611 0.039729 0.017765 0.003899 0.017499 1.205206 5.252774 5.506113 0.000000
12.099023 0.222999 0.003484 0.040315 0.025410 0.004855 0.007522 1.200791 5.563327 2.175523 1.000000
9.538321 0.225923 0.003613 0.040520 0.013184 0.003734 0.017043 1.192275 5.440817 5.643038 0.000000
12.585164 0.223628 0.003483 0.040117 0.016050 0.004293 0.015029 1.217122 5.911315 6.009703 0.000000
6.232239 0.224610 0.003563 0.040108 0.013713 0.003041 0.006745 1.203400 5.718683 2.947163 1.000000
6.659037 0.227788 0.004201 0.040447 0.025870 0.004699 0.017844 1.184875 4.905951 5.226769 0.000000
15.550394 0.227402 0.004240 0.039698 0.015497 0.003623 0.019810 1.196360 5.821406 5.978069 0.000000
11.335834 0.227593 0.003802 0.039690 0.012581 0.003764 0.015234 1.206209 4.792058 5.044468 0.000000
8.236069 0.223799 0.003830 0.040276 0.025272 0.005319 0.007148 1.219489 0.301407 3.944284 1.000000
20.522328 0.222346 0.004023 0.040213 0.019617 0.004591 0.007600 1.217986 5.515413 2.925236 1.000000
8.959611 0.224351 0.003565 0.040221 0.025980 0.005160 0.006173 1.198964 0.547275 4.097210 1.000000
7.569799 0.224911 0.003536 0.039738 0.014655 0.004494 0.018822 1.280396 5.768372 5.851422 0.000000
12.541296 0.223227 0.003888 0.039754 0.010571 0.005249 0.006304 1.231528 5.116739 1.750542 1.000000
3.393872 0.222298 0.003691 0.039638 0.022679 0.004221 0.006178 1.200454 1.127165 4.133797 1.000000
26.993088 0.222920 0.004253 0.040072 0.020338 0.004032 0.011489 1.229637 5.320247 5.428111 0.000000
11.024811 0.222909 0.003543 0.040617 0.014982 0.004715 0.007146 1.182478 4.994530 1.823291 1.000000
6.062637 0.223640 0.004097 0.040450 0.016075 0.005493 0.007971 1.195490 6.019748 2.842508 1.000000
10.347720 0.224340 0.004082 0.039803 0.039223 0.003480 0.010101 1.234115 5.006038 5.182783 0.000000
7.692764 0.222325 0.003940 0.039634 0.010283 0.003727 0.006785 1.225114 0.215126 3.861297 1.000000
22.339572 0.223184 0.004113 0.039762 0.020213 0.003096 0.006072 1.212485 4.893423 1.611387 1.000000
3.649261 0.226243 0.004243 0.040269 0.025297 0.003633 0.007399 1.191436 5.781413 2.716812 1.000000
16.108150 0.224983 0.004112 0.039790 0.020886 0.003489 0.007145 1.228524 6.086577 2.677488 1.000000
4.681638 0.222253 0.003695 0.039948 0.025565 0.004158 0.006869 1.238437 0.142270 3.494194 1.000000
23.226237 0.222681 0.003987 0.039692 0.015476 0.003750 0.007976 1.184501 5.464484 2.130681 1.000000
9.566878 0.226864 0.004345 0.040356 0.020917 0.005143 0.017158 1.210642 5.759004 5.957490 0.000000
19.754159 0.223681 0.003815 0.039740 0.010363 0.005045 0.016215 1.228690 0.230365 0.270486 0.000000
26.979299 0.225943 0.004286 0.039733 0.017136 0.003229 0.006139 1.188341 5.367479 2.275919 1.000000
3.883771 0.222695 0.003600 0.039736 0.014790 0.004518 0.007723 1.197024 4.714738 2.114925 1.000000
20.201535 0.228354 0.003641 0.039662 0.013687 0.003932 0.018593 1.214941 5.336858 5.512070 0.000000
4.177494 0.227367 0.004145 0.040096 0.012178 0.006572 0.018288 1.197343 5.539089 5.740796 0.000000
18.154312 0.222023 0.003538 0.039842 0.010633 0.003531 0.006945 1.185553 4.711872 1.743743 1.000000
11.804173 0.228428 0.004233 0.039979 0.012663 0.003468 0.014460 1.192482 5.926223 6.030250 0.000000
4.909231 0.224247 0.003842 0.039815 0.018700 0.004752 0.007901 1.196217 0.112987 3.558749 1.000000
18.101499 0.223469 0.003846 0.040002 0.016763 0.005513 0.016909 1.194142 5.434356 5.557796 0.000000
16.876518 0.224708 0.004004 0.039660 0.019279 0.002677 0.006251 1.187107 5.313647 2.154442 1.000000
14.378828 0.222923 0.003978 0.040124 0.018302 0.004789 0.007549 1.193943 5.710599 2.447387 1.000000
16.646576 0.224746 0.003721 0.040345 0.012370 0.003319 0.006580 1.185949 5.798826 2.654310 1.000000
22.842409 0.222784 0.003609 0.040634 0.011553 0.002937 0.007228 1.185841 0.105772 3.210355 1.000000
11.323833 0.223895 0.004158 0.039790 0.022304 0.005275 0.006907 1.204273 4.336348 1.768273 1.000000
7.000509 0.224595 0.004031 0.039991 0.027984 0.003429 0.007794 1.240151 6.060615 2.682290 1.000000
5.534210 0.225948 0.004450 0.039911 0.024886 0.003396 0.007270 1.195025 4.978171 2.063637 1.000000
20.723381 0.222507 0.004435 0.040387 0.016824 0.002863 0.006307 1.191888 5.260972 1.876976 1.000000
27.267762 0.221914 0.003999 0.039934 0.015740 0.003046 0.007581 1.244650 5.947434 3.056684 1.000000
8.375311 0.226114 0.004044 0.039925 0.029204 0.003757 0.015377 1.198043 4.882594 5.133090 0.000000
4.597231 0.222160 0.004193 0.040512 0.011254 0.005738 0.012326 1.188713 0.056995 0.148906 0.000000
17.890681 0.222404 0.003816 0.039617 0.021886 0.002931 0.007741 1.235101 0.357982 3.359932 1.000000
5.512103 0.225401 0.003796 0.039928 0.011925 0.003382 0.009938 1.181997 0.646769 0.669640 0.000000
10.147888 0.225795 0.003625 0.039719 0.010380 0.006323 0.018184 1.228895 0.184923 0.161128 0.000000
5.179237 0.225053 0.003863 0.039739 0.023511 0.004036 0.007156 1.191367 0.549556 3.710948 1.000000
4.787661 0.226126 0.003649 0.039804 0.014647 0.005881 0.019965 1.190456 4.539103 4.780429 0.000000
4.339687 0.222023 0.004402 0.039832 0.015315 0.003004 0.013625 1.210803 4.716089 4.836241 0.000000
10.425542 0.221931 0.003568 0.040286 0.023557 0.004594 0.015794 1.188136 5.561254 5.717278 0.000000
6.472140 0.222167 0.003860 0.040378 0.010208 0.003213 0.014942 1.200413 0.991567 0.906568 0.000000
9.484102 0.222492 0.004168 0.040458 0.017936 0.006007 0.015537 1.203606 5.739619 5.866420 0.000000
16.965175 0.222417 0.004198 0.039850 0.023937 0.004682 0.006464 1.198263 5.537857 2.154432 1.000000
20.181253 0.225219 0.003797 0.039769 0.012450 0.003491 0.015508 1.237788 6.206856 0.003295 0.000000
8.775310 0.226176 0.003766 0.039855 0.035384 0.003717 0.006718 1.192825 5.963979 2.741593 1.000000
13.248218 0.225843 0.004366 0.040046 0.015959 0.004963 0.013410 1.197978 4.889223 5.116962 0.000000
9.782448 0.223390 0.003598 0.040204 0.028264 0.004494 0.007837 1.204369 0.105481 3.308002 1.000000
12.559811 0.223218 0.003649 0.039857 0.020551 0.005529 0.015601 1.201875 4.912671 5.050431 0.000000
13.564185 0.224662 0.004160 0.040077 0.022119 0.006028 0.010430 1.198457 5.044566 5.142541 0.000000
10.882188 0.224149 0.003857 0.039862 0.010383 0.003456 0.006973 1.211731 0.468652 3.667233 1.000000
19.760530 0.228311 0.003945 0.039772 0.014979 0.003432 0.006271 1.194622 5.431944 2.629908 1.000000
23.530564 0.224263 0.003729 0.039689 0.010427 0.003196 0.010200 1.189638 0.451370 0.434794 0.000000
8.616912 0.225619 0.003649 0.040619 0.032271 0.004456 0.007448 1.195253 0.286996 3.318802 1.000000
7.592560 0.222356 0.004056 0.040021 0.012469 0.004480 0.016661 1.183962 5.601586 5.807106 0.000000
4.698033 0.226949 0.003717 0.040014 0.023598 0.005756 0.006463 1.189143 0.593850 3.506047 1.000000
8.201399 0.226502 0.004003 0.040143 0.025263 0.004123 0.007661 1.196050 5.778083 2.606111 1.000000
3.646582 0.226398 0.004009 0.040227 0.012774 0.005865 0.012521 1.195956 5.575443 5.674439 0.000000
8.517444 0.225846 0.004451 0.040057 0.024876 0.004106 0.016266 1.210272 5.508692 5.768663 0.000000
6.059286 0.222909 0.003650 0.039794 0.017855 0.004335 0.007307 1.223821 6.151689 3.258138 1.000000
13.411076 0.223709 0.003755 0.039731 0.020646 0.003668 0.007878 1.232506 0.580765 3.556056 1.000000
12.744551 0.224569 0.004203 0.040315 0.030192 0.003997 0.011177 1.195013 5.265147 5.415620 0.000000
10.994028 0.226135 0.003901 0.039677 0.011262 0.003648 0.013281 1.181050 0.881971 0.880144 0.000000
5.609377 0.224622 0.003949 0.040353 0.023498 0.003469 0.007764 1.189583 6.272646 2.836393 1.000000
12.103287 0.223163 0.003721 0.040022 0.023205 0.003196 0.014857 1.222038 4.778925 5.042663 0.000000
19.207094 0.222922 0.004227 0.039794 0.019333 0.003877 0.006083 1.211828 0.878354 3.867265 1.000000
8.077536 0.226017 0.004127 0.040151 0.035774 0.003516 0.006889 1.209941 5.946703 2.645826 1.000000
6.069629 0.226592 0.004552 0.040012 0.021449 0.006185 0.015869 1.205312 5.384926 5.592854 0.000000
8.503451 0.224476 0.003968 0.039681 0.016396 0.003726 0.007674 1.237586 5.697118 2.311051 1.000000
13.182897 0.224800 0.003514 0.040426 0.020434 0.004670 0.007509 1.187408 0.237690 3.234935 1.000000
11.310309 0.224688 0.003715 0.039809 0.016518 0.004685 0.007368 1.222877 5.552708 2.280853 1.000000
16.675081 0.222683 0.003740 0.040159 0.010520 0.003597 0.007792 1.215406 0.549626 3.693925 1.000000
16.130155 0.224724 0.003690 0.040304 0.012001 0.005381 0.018404 1.195778 4.830188 5.019293 0.000000
18.763762 0.221987 0.003931 0.040516 0.025052 0.005644 0.006670 1.191821 0.630344 3.867976 1.000000
8.680155 0.222590 0.004422 0.040013 0.017371 0.005625 0.007898 1.202479 5.011178 1.700583 1.000000
3.686626 0.225889 0.003590 0.039827 0.035291 0.003693 0.006144 1.236556 5.198498 1.668617 1.000000
5.427867 0.224921 0.004060 0.039799 0.020245 0.004827 0.006840 1.228387 6.240161 3.179112 1.000000
6.027963 0.229053 0.003659 0.039666 0.020402 0.003464 0.006408 1.197745 6.196217 3.171551 1.000000
10.365076 0.223637 0.004017 0.040209 0.011013 0.002906 0.007728 1.198134 5.692046 2.352712 1.000000
4.935147 0.225192 0.003852 0.040015 0.015818 0.005658 0.007101 1.198693 6.171586 3.192943 1.000000
11.069449 0.225962 0.003941 0.039919 0.020351 0.004214 0.006771 1.180634 5.252652 2.015765 1.000000
15.181930 0.221860 0.003740 0.040637 0.014298 0.003857 0.016873 1.230091 5.333279 5.510801 0.000000
8.957538 0.226896 0.003893 0.039753 0.024775 0.005213 0.006879 1.189157 5.114088 2.255603 1.000000
7.359320 0.224717 0.003776 0.039892 0.022345 0.004920 0.006113 1.193271 0.413670 4.061566 1.000000
3.110456 0.224925 0.003635 0.040136 0.017913 0.003388 0.011613 1.213767 5.473751 5.608781 0.000000
21.621090 0.229723 0.003548 0.040260 0.022087 0.003762 0.010249 1.182934 6.190292 6.218564 0.000000
4.321956 0.223262 0.003551 0.040066 0.023799 0.005342 0.006594 1.238130 5.722832 2.404923 1.000000
23.628605 0.222535 0.003498 0.040173 0.013758 0.004933 0.006245 1.223525 5.698828 2.533957 1.000000
5.165108 0.224070 0.003873 0.040448 0.010468 0.003975 0.007077 1.192411 5.539055 2.363800 1.000000
9.356908 0.222046 0.003837 0.039735 0.014751 0.004205 0.007451 1.213050 0.256633 3.453942 1.000000
24.887732 0.227823 0.003483 0.040168 0.011839 0.004771 0.012029 1.186069 6.266755 6.269781 0.000000
24.438622 0.223746 0.003911 0.040223 0.012796 0.002820 0.007830 1.190761 1.104368 4.195078 1.000000
9.860667 0.223301 0.003861 0.039885 0.014573 0.003192 0.006672 1.207341 0.941089 4.739707 1.000000
18.925363 0.223136 0.004465 0.039771 0.011385 0.004079 0.014292 1.187071 4.691785 4.893371 0.000000
17.126783 0.221933 0.003644 0.040011 0.011865 0.002932 0.007363 1.191067 1.093898 4.224038 1.000000
12.709909 0.223391 0.004136 0.039924 0.014313 0.005610 0.019145 1.248744 5.828292 5.969362 0.000000
22.984990 0.223774 0.003552 0.039927 0.021895 0.005325 0.006782 1.231114 0.655741 3.825177 1.000000
8.289140 0.229052 0.003743 0.039694 0.024779 0.004149 0.017626 1.193186 6.207080 0.107104 0.000000
12.939793 0.226748 0.003763 0.039778 0.022880 0.005140 0.013910 1.219607 0.718484 0.705712 0.000000
28.174918 0.222468 0.003763 0.039869 0.014177 0.004294 0.010600 1.214701 5.594152 5.677030 0.000000
18.128697 0.222982 0.003795 0.039689 0.015337 0.003528 0.007089 1.228003 5.737492 2.844867 1.000000
3.060301 0.224337 0.003567 0.039983 0.011871 0.004716 0.006859 1.185630 4.474761 1.602394 1.000000
21.355301 0.222033 0.003792 0.039732 0.021403 0.003909 0.007119 1.232424 0.032847 3.032335 1.000000
11.136325 0.227869 0.003640 0.039732 0.010691 0.003428 0.006750 1.186005 4.856582 1.543307 1.000000
8.051848 0.221898 0.003648 0.039874 0.014197 0.004183 0.012019 1.185565 4.744455 4.860163 0.000000
13.926847 0.222657 0.003722 0.039974 0.016947 0.006093 0.017738 1.247221 4.893515 5.066224 0.000000
17.051814 0.226208 0.003772 0.039646 0.011789 0.003520 0.007781 1.187642 6.131041 2.783990 1.000000
16.511680 0.224452 0.003918 0.040107 0.012601 0.003596 0.012962 1.200980 0.671894 0.639762 0.000000
11.266551 0.225380 0.004008 0.039897 0.014568 0.004868 0.017223 1.232229 0.286803 0.311067 0.000000
8.044880 0.226372 0.004450 0.040354 0.025277 0.004966 0.016070 1.200945 5.205096 5.455533 0.000000
16.605017 0.223193 0.003893 0.039747 0.017336 0.005409 0.017361 1.204683 0.560503 0.552094 0.000000
25.324576 0.222989 0.003763 0.040390 0.012675 0.004022 0.017812 1.190437 5.614525 5.787800 0.000000
3.899545 0.223069 0.003845 0.040022 0.012752 0.005807 0.012273 1.196854 4.770675 4.893719 0.000000
20.010616 0.227604 0.003552 0.039780 0.012190 0.006352 0.019516 1.235264 5.785147 5.895992 0.000000
13.480461 0.223593 0.003818 0.039642 0.018425 0.006073 0.019490 1.188040 5.829636 5.952463 0.000000
6.959569 0.222114 0.003890 0.040204 0.022031 0.004941 0.007431 1.203196 1.103877 4.462475 1.000000
29.895605 0.222267 0.003546 0.039642 0.018663 0.003991 0.007739 1.202346 5.110196 1.990349 1.000000
3.706467 0.224776 0.004173 0.040359 0.020326 0.004095 0.007076 1.195946 0.193679 3.740365 1.000000
8.192554 0.222940 0.004309 0.039861 0.018075 0.004534 0.015567 1.193558 5.032317 5.275892 0.000000
7.934589 0.223435 0.003895 0.040684 0.026129 0.004838 0.006845 1.191684 5.598327 2.476152 1.000000
14.734965 0.224675 0.003921 0.039842 0.017677 0.003456 0.014723 1.247612 0.133935 0.163265 0.000000
23.514584 0.223525 0.003990 0.039686 0.014334 0.003497 0.007556 1.228869 5.597440 3.054173 1.000000
15.750115 0.225101 0.003599 0.039996 0.012837 0.004296 0.009966 1.181608 0.593926 0.628672 0.000000
7.256330 0.223169 0.003652 0.040249 0.024385 0.005093 0.006773 1.191014 5.324924 2.148463 1.000000
8.004978 0.227871 0.003716 0.040001 0.011204 0.004215 0.006901 1.184190 5.954196 3.093714 1.000000
19.882905 0.225413 0.003985 0.040238 0.013496 0.004368 0.016906 1.221137 6.235225 0.031201 0.000000
5.715939 0.225581 0.004176 0.039637 0.024894 0.004985 0.006256 1.186739 0.491271 3.542695 1.000000
13.936740 0.222119 0.004229 0.039925 0.014487 0.002765 0.007062 1.203242 4.351765 1.671142 1.000000
9.424555 0.226280 0.003739 0.039821 0.020560 0.004240 0.007691 1.183452 0.099781 3.300129 1.000000
14.214231 0.223639 0.003551 0.039905 0.022498 0.004388 0.011992 1.223042 4.799264 4.969311 0.000000
24.055026 0.224692 0.003577 0.039792 0.010439 0.005100 0.011226 1.223927 6.032200 6.063845 0.000000
5.025304 0.224947 0.003629 0.040100 0.012183 0.004421 0.014360 1.212086 0.324001 0.341963 0.000000
9.765871 0.225521 0.003893 0.040278 0.013409 0.005692 0.016710 1.186825 5.082023 5.271979 0.000000
28.946335 0.223221 0.003795 0.039688 0.019269 0.002928 0.012223 1.234720 4.729897 4.916764 0.000000
4.545087 0.229092 0.003865 0.039685 0.029077 0.004784 0.015050 1.203180 5.481598 5.748597 0.000000
6.862286 0.227025 0.003647 0.039987 0.022980 0.003432 0.006796 1.192052 4.952207 2.245265 1.000000
4.355815 0.225058 0.003620 0.039739 0.037228 0.003696 0.006871 1.206819 5.179177 1.719484 1.000000
11.077186 0.222005 0.004185 0.039765 0.010094 0.004053 0.006582 1.217493 0.995057 4.022292 1.000000
15.390083 0.227534 0.004071 0.039952 0.022705 0.005052 0.016329 1.237839 0.019209 0.058151 0.000000
5.977476 0.226948 0.003583 0.039920 0.017646 0.003649 0.013454 1.199846 0.419716 0.443303 0.000000
3.591769 0.222898 0.003600 0.039724 0.013980 0.004236 0.016468 1.283818 5.855301 5.983603 0.000000
25.616586 0.223000 0.004138 0.040633 0.020859 0.004693 0.007914 1.194603 5.035862 2.014746 1.000000
4.250422 0.223945 0.004245 0.040240 0.014767 0.003477 0.017405 1.201726 5.554515 5.771790 0.000000
8.672055 0.223282 0.003779 0.039906 0.011655 0.004087 0.006215 1.193007 1.000773 4.516405 1.000000
22.751668 0.222455 0.004001 0.039803 0.013801 0.003367 0.007448 1.207944 0.184001 3.475697 1.000000
17.910552 0.225075 0.003523 0.039782 0.012814 0.003464 0.014078 1.183482 0.322579 0.382565 0.000000
6.128137 0.223256 0.003508 0.039920 0.023323 0.004039 0.007970 1.241227 5.684535 2.614716 1.000000
15.030657 0.225088 0.004168 0.040618 0.023474 0.003226 0.011573 1.210726 5.608392 5.743202 0.000000
3.354989 0.222390 0.003997 0.040462 0.020830 0.003071 0.007377 1.181190 4.207776 1.608177 1.000000
20.455926 0.221895 0.004289 0.040486 0.016097 0.003487 0.007879 1.211333 6.269234 2.818259 1.000000
10.913043 0.222625 0.003883 0.039946 0.013708 0.005531 0.007142 1.227725 6.019067 2.763714 1.000000
12.163938 0.225858 0.003564 0.040410 0.022043 0.006397 0.014358 1.209970 6.070572 6.125272 0.000000
8.923564 0.224620 0.003634 0.039956 0.020992 0.003937 0.007590 1.213190 0.459409 3.793058 1.000000
22.779439 0.222025 0.004325 0.039902 0.014843 0.006352 0.017273 1.238518 5.207860 5.316434 0.000000
6.780541 0.224961 0.004214 0.040205 0.021668 0.005830 0.016931 1.237418 5.802176 5.963374 0.000000
5.914661 0.223439 0.003620 0.040601 0.044238 0.003129 0.007078 1.230124 6.093484 2.811739 1.000000
5.910751 0.223356 0.004088 0.039876 0.013673 0.005813 0.007841 1.195563 5.394531 2.022365 1.000000
9.650685 0.226001 0.004644 0.040040 0.015459 0.004387 0.020004 1.183592 4.598919 4.860983 0.000000
20.636017 0.225940 0.003795 0.039768 0.016496 0.003386 0.011917 1.184554 6.110225 6.181704 0.000000
4.470264 0.225137 0.003834 0.039672 0.027526 0.004612 0.006501 1.192603 1.450389 4.557900 1.000000
21.689857 0.223365 0.003769 0.039940 0.021059 0.003244 0.006580 1.232456 5.659420 2.333009 1.000000
8.749614 0.223281 0.004317 0.039659 0.014490 0.005124 0.006562 1.211149 0.495576 3.654038 1.000000
11.611823 0.227488 0.003773 0.039864 0.017783 0.003208 0.010176 1.200089 5.549950 5.738477 0.000000
6.127752 0.223381 0.003908 0.040485 0.017564 0.002700 0.007213 1.184574 5.660040 2.625991 1.000000
24.925355 0.223618 0.003503 0.039856 0.010484 0.003882 0.011898 1.226224 5.926589 6.040117 0.000000
5.975318 0.222293 0.004083 0.039871 0.014648 0.004366 0.006603 1.189318 1.558993 4.701461 1.000000
19.023098 0.222846 0.003560 0.039915 0.014482 0.002829 0.006247 1.189938 5.158183 2.081592 1.000000
18.601066 0.227595 0.004020 0.039796 0.013973 0.003293 0.007169 1.195781 6.099431 2.648988 1.000000
6.937110 0.228751 0.003551 0.039652 0.022317 0.002999 0.007830 1.190205 5.835557 2.450195 1.000000
18.162922 0.224165 0.004266 0.039665 0.024542 0.005789 0.006774 1.197303 4.397924 1.547059 1.000000
13.026759 0.223399 0.003724 0.039831 0.034959 0.003612 0.006297 1.255487 5.566168 2.344018 1.000000
6.286016 0.227343 0.003539 0.039706 0.015815 0.004472 0.006421 1.202031 5.693818 2.405386 1.000000
7.788775 0.223329 0.003775 0.040703 0.016567 0.003769 0.008014 1.199972 5.982294 3.236762 1.000000
10.475451 0.222412 0.003921 0.040564 0.019877 0.004124 0.006224 1.198824 5.661362 3.138132 1.000000
3.408084 0.228691 0.003676 0.039977 0.040146 0.003270 0.007314 1.201117 6.150174 2.722529 1.000000
11.822366 0.227936 0.003735 0.039628 0.010408 0.003871 0.014103 1.188801 0.482222 0.400228 0.000000
14.896062 0.227635 0.003778 0.040235 0.019575 0.004365 0.013961 1.205744 5.402249 5.544599 0.000000
4.793940 0.227008 0.003636 0.039950 0.025627 0.005329 0.007807 1.192495 5.223925 2.250926 1.000000
9.404163 0.222790 0.003640 0.040076 0.013872 0.005962 0.017807 1.210444 5.658752 5.853589 0.000000
8.037904 0.222861 0.003737 0.039627 0.014255 0.003750 0.006827 1.183688 6.264596 3.716871 1.000000
5.158645 0.222184 0.004084 0.040391 0.012763 0.005540 0.018465 1.195278 0.188794 0.135050 0.000000
11.556572 0.224849 0.004311 0.039807 0.024860 0.003501 0.010333 1.232080 5.505088 5.689241 0.000000
11.663503 0.223591 0.003786 0.039877 0.026695 0.005052 0.007337 1.206387 5.328577 2.230805 1.000000
22.312355 0.221915 0.004135 0.040062 0.013872 0.002856 0.007951 1.201419 5.214075 2.580380 1.000000
20.611854 0.223472 0.004405 0.040111 0.011386 0.006334 0.010716 1.191946 5.726077 5.812746 0.000000
8.911124 0.222365 0.003802 0.039683 0.017779 0.003793 0.006473 1.183137 6.013147 3.206184 1.000000
25.680520 0.222423 0.003984 0.039770 0.011618 0.004234 0.019816 1.239346 5.460953 5.647825 0.000000
6.221232 0.223442 0.003704 0.039751 0.010299 0.004672 0.007954 1.199665 1.059409 4.698210 1.000000
6.182329 0.227159 0.004280 0.039821 0.025602 0.003093 0.006655 1.190131 5.335733 2.292317 1.000000
9.368182 0.223321 0.004266 0.040035 0.022900 0.004927 0.006607 1.182481 4.889320 1.876608 1.000000
9.935766 0.229271 0.003485 0.040322 0.021224 0.006257 0.018176 1.193093 6.163980 6.224742 0.000000
9.336649 0.228312 0.003825 0.039986 0.026123 0.005040 0.015127 1.186833 5.271970 5.443224 0.000000
3.225549 0.222954 0.004213 0.040436 0.010600 0.005279 0.010094 1.187848 0.354775 0.379872 0.000000
6.401749 0.222455 0.003959 0.040245 0.014855 0.003583 0.007159 1.227302 5.664428 2.708247 1.000000
22.682749 0.222635 0.003563 0.039808 0.013584 0.003225 0.007984 1.196618 0.244632 3.572713 1.000000
3.366901 0.221944 0.004151 0.040319 0.023776 0.005510 0.007154 1.239701 5.694601 2.883463 1.000000
18.365632 0.222604 0.003880 0.040200 0.017093 0.004023 0.013478 1.213820 6.075105 6.148598 0.000000
18.796637 0.225966 0.003692 0.040676 0.021925 0.003540 0.007349 1.184956 5.995235 2.862629 1.000000
14.794844 0.224416 0.003780 0.039651 0.010353 0.005622 0.010622 1.184498 4.713899 4.872342 0.000000
14.400811 0.229237 0.003773 0.039733 0.019170 0.003369 0.007892 1.193013 5.970668 2.881044 1.000000
3.521898 0.222395 0.004262 0.040304 0.012360 0.005145 0.011338 1.197443 6.223049 0.008907 0.000000
12.794347 0.223937 0.003811 0.039830 0.027243 0.005167 0.007037 1.189504 5.988332 2.607588 1.000000
4.804906 0.224692 0.003673 0.040066 0.026994 0.003020 0.007632 1.196712 0.671357 3.919220 1.000000
4.548815 0.223553 0.003673 0.040490 0.015432 0.003936 0.006125 1.185485 6.279280 2.841725 1.000000
4.189705 0.227379 0.004242 0.040246 0.013571 0.004642 0.014729 1.189450 6.229194 0.015442 0.000000
7.012432 0.226677 0.003641 0.039842 0.011223 0.006437 0.014402 1.183952 5.552727 5.730615 0.000000
6.460901 0.225680 0.003796 0.039871 0.018664 0.004425 0.006831 1.188760 4.627612 1.816966 1.000000
6.366432 0.223783 0.003779 0.040254 0.019207 0.002796 0.006574 1.195611 6.027012 2.713445 1.000000
10.667584 0.225412 0.004057 0.039872 0.011562 0.003529 0.019723 1.202947 4.621552 4.949604 0.000000
16.647577 0.223072 0.003497 0.039964 0.014324 0.004056 0.016268 1.230904 0.828743 0.773635 0.000000
9.450379 0.222310 0.003541 0.039944 0.019327 0.003784 0.006708 1.186177 0.684698 4.285879 1.000000
17.607949 0.223094 0.003625 0.039648 0.013590 0.003825 0.007961 1.185308 5.500071 2.351109 1.000000
18.147598 0.228952 0.003697 0.039683 0.015585 0.003434 0.006819 1.181834 0.724907 4.166723 1.000000
12.493779 0.223875 0.003531 0.039801 0.017590 0.003950 0.019559 1.292575 5.401173 5.607376 0.000000
18.963896 0.227670 0.003734 0.039913 0.024774 0.005140 0.006689 1.207708 6.137387 2.722186 1.000000
6.307797 0.222390 0.003885 0.040124 0.012821 0.004753 0.016828 1.212956 6.161209 6.141159 0.000000
7.763041 0.227742 0.004061 0.039629 0.018861 0.006505 0.018221 1.182468 6.182134 0.049206 0.000000
20.418053 0.229127 0.003958 0.039683 0.015244 0.003323 0.007969 1.184685 0.518929 3.965765 1.000000
18.057070 0.224403 0.003975 0.040125 0.010792 0.004419 0.019444 1.186286 6.111192 6.230836 0.000000
6.573552 0.223271 0.003709 0.039751 0.014088 0.003318 0.006100 1.184617 0.065847 3.189597 1.000000
10.221725 0.222456 0.003580 0.040045 0.013803 0.005046 0.015602 1.185198 5.621852 5.805642 0.000000
5.420429 0.225536 0.003542 0.040149 0.014645 0.003517 0.007733 1.182991 6.161051 2.698694 1.000000
4.466676 0.227657 0.003589 0.039822 0.018702 0.004981 0.006959 1.206906 0.047140 3.236379 1.000000
21.749540 0.223080 0.003514 0.039757 0.020293 0.003396 0.007250 1.212592 4.686383 1.533266 1.000000
20.982191 0.224633 0.003696 0.040034 0.013524 0.002929 0.007423 1.182913 5.203648 2.519046 1.000000
8.298013 0.223904 0.003980 0.040526 0.012908 0.006355 0.018655 1.195948 5.880410 5.964260 0.000000
9.772461 0.225259 0.004151 0.040432 0.010853 0.003686 0.018569 1.195991 5.587603 5.682744 0.000000
9.843460 0.224253 0.003835 0.040313 0.010573 0.004850 0.019592 1.218678 5.544436 5.697659 0.000000
12.441184 0.223973 0.003945 0.039623 0.017890 0.003903 0.013031 1.222183 0.336000 0.335569 0.000000
19.645423 0.228794 0.003774 0.039958 0.018275 0.004083 0.018033 1.210577 5.112592 5.295274 0.000000
10.618319 0.222765 0.003505 0.039656 0.014591 0.003516 0.006945 1.207802 1.543608 4.743513 1.000000
13.349387 0.223862 0.003567 0.039839 0.020027 0.003542 0.007679 1.204399 5.326208 2.377905 1.000000
5.524691 0.222862 0.004029 0.040197 0.028984 0.004833 0.007218 1.230427 5.682806 2.950025 1.000000
16.023306 0.222814 0.004198 0.039943 0.015378 0.003472 0.006231 1.200429 5.545107 2.855851 1.000000
3.877068 0.222942 0.003484 0.040082 0.044028 0.003085 0.007864 1.292545 5.446045 1.999970 1.000000
17.382429 0.223593 0.004029 0.039756 0.016150 0.002703 0.007239 1.209775 5.601319 2.871332 1.000000
22.269455 0.222864 0.003725 0.040608 0.013621 0.003142 0.006839 1.204073 5.444555 2.434175 1.000000
8.579911 0.222023 0.003535 0.040203 0.015333 0.006096 0.016710 1.266079 5.403782 5.526548 0.000000
12.119592 0.227275 0.004056 0.039720 0.017916 0.002978 0.007219 1.181589 6.189246 3.273115 1.000000
23.197903 0.225097 0.003990 0.040651 0.031408 0.002671 0.007746 1.196124 5.886770 2.659596 1.000000
3.999433 0.226295 0.004442 0.040226 0.028195 0.004342 0.006304 1.193693 5.227003 1.881342 1.000000
6.106198 0.226365 0.003733 0.039770 0.036916 0.003654 0.006351 1.200120 0.123083 3.017801 1.000000
12.909954 0.224003 0.004393 0.039662 0.017593 0.004525 0.007872 1.218277 4.730278 1.524973 1.000000
10.465319 0.227068 0.003950 0.040243 0.016906 0.006225 0.016684 1.213377 5.668872 5.818345 0.000000
16.939235 0.225397 0.003824 0.040175 0.019650 0.004149 0.007391 1.195351 0.482195 3.408997 1.000000
12.326793 0.226152 0.004014 0.039738 0.011843 0.004891 0.007883 1.204467 5.295044 1.992786 1.000000
11.442231 0.223853 0.003951 0.039619 0.016990 0.005619 0.006414 1.192588 6.164715 2.875595 1.000000
11.236878 0.229091 0.003793 0.039879 0.021553 0.004742 0.016705 1.184545 0.187396 0.212816 0.000000
13.282198 0.221983 0.003580 0.039622 0.013483 0.003491 0.007171 1.231489 5.620912 2.601372 1.000000
8.801605 0.225516 0.004103 0.040106 0.019090 0.006279 0.016311 1.201961 6.125145 6.227570 0.000000
5.217082 0.224928 0.003540 0.039820 0.020128 0.005826 0.007750 1.207209 5.120377 1.736952 1.000000
17.344718 0.223823 0.003596 0.040068 0.022503 0.004729 0.007814 1.243708 0.034156 2.974715 1.000000
17.173603 0.222139 0.003849 0.040282 0.011590 0.005309 0.019478 1.209697 6.146664 6.225561 0.000000
11.739688 0.222544 0.003839 0.040606 0.018648 0.005131 0.007556 1.192470 0.080798 3.073538 1.000000
6.466143 0.222806 0.004565 0.039688 0.024093 0.004525 0.018938 1.203276 5.366305 5.637823 0.000000
18.850168 0.223136 0.004085 0.040150 0.010393 0.002590 0.007548 1.201392 0.479793 3.396936 1.000000
4.151084 0.223897 0.003558 0.039686 0.013138 0.004947 0.016001 1.269307 5.792814 5.759314 0.000000
3.637502 0.222807 0.003631 0.040048 0.012310 0.003588 0.018675 1.181146 0.989032 0.891938 0.000000
13.875054 0.227783 0.004051 0.039865 0.016472 0.003123 0.007731 1.193437 6.051807 2.913990 1.000000
9.690449 0.223693 0.003660 0.040138 0.023732 0.006108 0.018225 1.188314 0.820573 0.793924 0.000000
17.760852 0.224647 0.003855 0.040003 0.039134 0.002735 0.006428 1.183496 5.828026 2.613064 1.000000
20.143889 0.223442 0.004332 0.039902 0.010406 0.002782 0.006293 1.195052 0.302264 3.704527 1.000000
10.824267 0.228678 0.004302 0.040033 0.020065 0.003781 0.017251 1.218070 5.811967 5.986284 0.000000
6.979840 0.224409 0.003884 0.039626 0.012476 0.005676 0.018305 1.189097 6.243107 0.040333 0.000000
22.646297 0.225610 0.003729 0.040089 0.014376 0.003382 0.006170 1.183033 0.940790 4.359785 1.000000
6.922712 0.225861 0.004099 0.040019 0.024075 0.005466 0.006973 1.198818 6.213968 3.334621 1.000000
29.531134 0.223047 0.003556 0.039767 0.013619 0.005435 0.007724 1.216598 0.227019 3.343228 1.000000
7.871445 0.222766 0.003737 0.039795 0.026920 0.004362 0.007148 1.186646 0.670539 4.092587 1.000000
5.038254 0.222920 0.003571 0.039627 0.021469 0.003489 0.014973 1.180919 5.454210 5.735175 0.000000
9.702384 0.225943 0.004130 0.040480 0.023153 0.005231 0.019123 1.198718 5.106801 5.311642 0.000000
20.204628 0.222832 0.003519 0.040407 0.022454 0.004477 0.007201 1.237134 5.589362 2.428839 1.000000
3.696081 0.225922 0.003744 0.040190 0.020961 0.004352 0.007493 1.215060 5.755315 3.000160 1.000000
14.225202 0.222095 0.003718 0.040347 0.020379 0.004495 0.007228 1.229600 5.356164 1.991891 1.000000
11.341090 0.227709 0.003809 0.039781 0.018182 0.003686 0.011370 1.183275 4.567440 4.794998 0.000000
18.293977 0.225579 0.003511 0.040261 0.015608 0.005200 0.019399 1.217560 5.506156 5.627950 0.000000
7.348390 0.229235 0.003746 0.039634 0.017876 0.003194 0.006802 1.181645 5.463621 2.244260 1.000000
11.054132 0.222186 0.003974 0.039897 0.010755 0.004136 0.006510 1.181539 0.304353 3.693195 1.000000
3.246835 0.227441 0.003854 0.039693 0.026798 0.004994 0.007095 1.214941 0.251508 3.588082 1.000000
6.316042 0.225785 0.004380 0.039938 0.022416 0.004884 0.006936 1.206212 5.458228 2.241334 1.000000
11.516845 0.227151 0.004113 0.039659 0.013320 0.004065 0.007380 1.183884 0.140850 3.092017 1.000000
19.593454 0.225779 0.003649 0.040079 0.013381 0.003105 0.007050 1.197442 5.002379 1.673092 1.000000
11.740362 0.221974 0.003498 0.040678 0.021312 0.003831 0.006890 1.196873 5.478219 2.559136 1.000000
13.698899 0.221927 0.003824 0.040111 0.016123 0.003837 0.016127 1.255630 5.596144 5.748201 0.000000
9.795945 0.225054 0.003515 0.039706 0.013433 0.005040 0.017299 1.188284 6.134190 6.270801 0.000000
4.324138 0.225083 0.003863 0.039829 0.014252 0.003723 0.016934 1.200461 5.494699 5.610185 0.000000
5.404396 0.225866 0.004147 0.040436 0.014792 0.004142 0.018247 1.200991 5.694425 5.850161 0.000000
18.948979 0.224610 0.003824 0.039883 0.019241 0.003503 0.006910 1.202456 5.293505 1.832030 1.000000
9.367447 0.224049 0.004127 0.039645 0.018694 0.003848 0.014854 1.242673 5.516785 5.699125 0.000000
5.356902 0.227342 0.003627 0.039727 0.016017 0.004773 0.017124 1.182213 5.961188 6.047976 0.000000
6.677916 0.224354 0.003795 0.039845 0.018716 0.003826 0.006710 1.184293 5.182622 2.193593 1.000000
6.699841 0.223339 0.004423 0.040193 0.014951 0.003934 0.014092 1.197782 5.187783 5.422791 0.000000
13.148387 0.223745 0.003569 0.039620 0.010025 0.003011 0.006518 1.229556 4.613820 1.979307 1.000000
8.406872 0.223280 0.004252 0.040044 0.015883 0.004514 0.006386 1.205636 5.036972 2.108978 1.000000
9.420835 0.225234 0.003871 0.040600 0.026132 0.003531 0.015814 1.223475 5.944730 6.101486 0.000000
27.374694 0.225345 0.003884 0.039742 0.012179 0.005639 0.017290 1.181016 0.134432 0.132235 0.000000
3.182073 0.222705 0.004100 0.040109 0.020170 0.003768 0.007050 1.230634 5.900422 2.888060 1.000000
4.684128 0.222911 0.004251 0.040275 0.025467 0.004365 0.006936 1.197015 5.692053 2.395727 1.000000
8.871203 0.223231 0.003744 0.039774 0.019317 0.006239 0.014399 1.182130 0.589293 0.607384 0.000000
19.736766 0.223533 0.003902 0.039676 0.013671 0.002942 0.007421 1.203845 6.088516 3.136258 1.000000
13.443519 0.221999 0.003718 0.040153 0.023861 0.005398 0.015894 1.276026 5.874977 5.974231 0.000000
11.331257 0.224751 0.003885 0.039718 0.023804 0.004832 0.013617 1.243782 0.254240 0.281526 0.000000
10.357195 0.225167 0.003622 0.040031 0.024028 0.003848 0.010819 1.184327 4.602965 4.828549 0.000000
10.551781 0.226577 0.004443 0.039642 0.018272 0.005800 0.017245 1.190894 5.440810 5.620817 0.000000
8.918730 0.229726 0.003483 0.039897 0.017286 0.004872 0.018096 1.210208 0.353152 0.355544 0.000000
8.598203 0.222084 0.003727 0.039684 0.016845 0.003933 0.006932 1.240369 0.477954 3.749237 1.000000
15.673209 0.226267 0.004321 0.039818 0.011438 0.006329 0.017588 1.220143 5.828726 5.928487 0.000000
3.981210 0.224968 0.003624 0.039743 0.024284 0.002681 0.007616 1.236884 0.432717 3.550375 1.000000
11.193956 0.222726 0.003551 0.040230 0.024027 0.004677 0.014178 1.263521 5.414103 5.589032 0.000000
7.574421 0.224616 0.003648 0.039980 0.012704 0.004058 0.006393 1.212952 6.215279 3.505312 1.000000
6.275146 0.222928 0.004240 0.039767 0.028731 0.004233 0.006569 1.188717 5.217895 2.115100 1.000000
20.022868 0.221952 0.004046 0.039765 0.013259 0.004167 0.007806 1.233885 4.666892 1.558807 1.000000
16.018152 0.224721 0.004364 0.040409 0.016467 0.003380 0.010520 1.181196 5.102757 5.354837 0.000000
19.273311 0.224342 0.003718 0.039998 0.022558 0.005332 0.006963 1.194019 4.967456 1.581482 1.000000
8.682769 0.223021 0.004317 0.040548 0.012215 0.004818 0.011690 1.191604 4.929646 5.097093 0.000000
3.220190 0.225539 0.004059 0.039838 0.021576 0.005238 0.007857 1.188658 1.034977 3.925037 1.000000
9.356687 0.222616 0.004013 0.040498 0.021226 0.004657 0.006880 1.208102 5.412093 2.921884 1.000000
10.922035 0.229355 0.003583 0.039772 0.029279 0.004103 0.012597 1.204270 5.083547 5.248234 0.000000
11.254602 0.228218 0.003539 0.039868 0.019623 0.004356 0.006788 1.191897 0.156946 3.995035 1.000000
9.352360 0.229347 0.004520 0.039898 0.024248 0.004641 0.012567 1.190098 5.064655 5.243961 0.000000
19.600911 0.224379 0.004357 0.039803 0.011178 0.003236 0.012707 1.186294 5.423099 5.602554 0.000000
5.722218 0.225312 0.004291 0.040194 0.017281 0.003170 0.006864 1.188097 5.964527 3.523872 1.000000
8.810953 0.224034 0.003893 0.040366 0.023447 0.003530 0.006667 1.203860 6.102573 3.079065 1.000000
13.889164 0.226697 0.003618 0.039790 0.028687 0.004544 0.006240 1.211528 0.024210 3.057402 1.000000
6.687744 0.223052 0.003980 0.040405 0.030421 0.003470 0.006909 1.193284 5.178248 1.915210 1.000000
5.219872 0.225765 0.004148 0.039817 0.011945 0.003207 0.006295 1.189526 4.777140 1.943782 1.000000
27.169406 0.221957 0.003529 0.039930 0.015758 0.004154 0.013442 1.208358 4.618727 4.775038 0.000000
10.127884 0.221986 0.004120 0.039855 0.024264 0.005575 0.006255 1.243591 6.144259 3.559211 1.000000
9.804949 0.225663 0.003625 0.039645 0.024750 0.005046 0.011486 1.223286 4.764020 4.931817 0.000000
22.450968 0.222250 0.004431 0.040280 0.016726 0.003717 0.007102 1.182598 4.448865 1.694517 1.000000
10.550012 0.224356 0.003668 0.039881 0.011350 0.005435 0.016093 1.187122 4.833431 5.047393 0.000000
3.089859 0.222437 0.004117 0.040505 0.025032 0.003317 0.006434 1.202852 6.242597 3.112153 1.000000
12.163804 0.222155 0.003873 0.039641 0.019150 0.004097 0.013041 1.199200 4.743568 4.924373 0.000000
7.357879 0.225299 0.003557 0.040401 0.023175 0.004156 0.006779 1.209555 5.576524 2.179806 1.000000
12.550859 0.223848 0.003521 0.040056 0.021153 0.003569 0.007514 1.197999 5.469695 2.429047 1.000000
23.339692 0.227816 0.004359 0.039826 0.013922 0.004975 0.012969 1.188577 5.057457 5.169525 0.000000
7.930985 0.225641 0.004204 0.039644 0.033654 0.003912 0.007819 1.219186 5.294212 2.033776 1.000000
16.036645 0.223776 0.003570 0.040495 0.020662 0.003829 0.006482 1.195759 0.406702 3.613403 1.000000
4.904863 0.223765 0.004347 0.039869 0.011203 0.005608 0.007757 1.190102 5.659404 2.707300 1.000000
15.038113 0.228599 0.004269 0.040166 0.026068 0.003880 0.013854 1.182087 5.348782 5.525232 0.000000
8.493435 0.223474 0.003650 0.040096 0.020595 0.004682 0.006956 1.207865 5.251260 2.197434 1.000000
13.223067 0.222925 0.004222 0.039725 0.012727 0.003802 0.006294 1.185142 1.378327 4.282624 1.000000
14.422404 0.221958 0.004313 0.040274 0.014098 0.004317 0.006944 1.186819 4.900898 1.692458 1.000000
22.494490 0.222514 0.004007 0.039709 0.028586 0.005045 0.006938 1.215404 0.144407 3.247409 1.000000
15.870942 0.226663 0.003789 0.039703 0.015948 0.003599 0.007441 1.186164 4.972750 2.201928 1.000000
5.620128 0.223648 0.004121 0.040151 0.019445 0.003077 0.007243 1.189300 0.252347 3.811081 1.000000
13.498737 0.226048 0.004014 0.039788 0.018628 0.005641 0.014359 1.217007 0.464897 0.473876 0.000000
3.876091 0.222149 0.004017 0.040528 0.015673 0.003507 0.007314 1.190802 5.490713 2.150746 1.000000
20.151790 0.222731 0.003713 0.039988 0.011501 0.002937 0.006658 1.190643 5.814858 3.255732 1.000000
8.434055 0.223638 0.003815 0.039938 0.015139 0.004060 0.012800 1.230180 5.721215 5.873672 0.000000
7.885901 0.223482 0.003759 0.040207 0.024127 0.004187 0.016023 1.266654 5.632251 5.827558 0.000000
10.211708 0.226838 0.004038 0.039711 0.017184 0.005916 0.013800 1.228563 5.846576 5.984939 0.000000
8.988816 0.224498 0.003640 0.040158 0.011018 0.004006 0.012593 1.205009 4.871995 5.070824 0.000000
3.768293 0.228169 0.003813 0.039699 0.013640 0.005242 0.012153 1.184115 5.137323 5.319551 0.000000
7.942999 0.221868 0.003725 0.039860 0.010246 0.004342 0.018744 1.210652 1.013935 0.889698 0.000000
7.104538 0.225470 0.003491 0.040144 0.019163 0.006124 0.013590 1.207799 5.210426 5.407424 0.000000
28.071309 0.222870 0.004107 0.040235 0.015001 0.003369 0.007128 1.196181 0.032512 3.545937 1.000000
6.032513 0.228808 0.004007 0.039641 0.016102 0.003275 0.012966 1.184368 4.743692 5.000301 0.000000
13.730560 0.226513 0.003727 0.039722 0.020944 0.004710 0.016348 1.273779 5.592498 5.755144 0.000000
12.999432 0.228355 0.004056 0.039974 0.024121 0.003540 0.015761 1.185379 5.542907 5.708019 0.000000
19.492022 0.224909 0.004008 0.039653 0.014077 0.003015 0.006703 1.217875 6.223283 2.954282 1.000000
8.311564 0.225296 0.003823 0.039895 0.015874 0.003861 0.007802 1.201155 5.483271 2.329085 1.000000
13.140802 0.223722 0.003546 0.039838 0.015345 0.004378 0.013974 1.187205 0.340614 0.381660 0.000000
4.783970 0.227801 0.004112 0.040131 0.030831 0.003857 0.007721 1.209113 5.692938 2.237282 1.000000
13.324316 0.225729 0.004040 0.040399 0.020346 0.005689 0.006170 1.189808 5.752602 2.558900 1.000000
14.134359 0.223542 0.003919 0.039667 0.025605 0.004518 0.007947 1.219548 5.586046 2.284691 1.000000
8.921593 0.222560 0.003970 0.039626 0.020146 0.004591 0.007588 1.212633 5.648830 2.136331 1.000000
10.555601 0.226113 0.003809 0.039830 0.020156 0.006335 0.019853 1.187002 0.275418 0.316224 0.000000
8.385709 0.225385 0.003523 0.040155 0.022579 0.004528 0.007657 1.207747 6.161719 3.364273 1.000000
20.107179 0.223625 0.003553 0.040627 0.030675 0.003943 0.006964 1.186426 5.417310 2.203397 1.000000
20.806833 0.227400 0.004264 0.040339 0.017859 0.004268 0.011882 1.186549 5.752309 5.857162 0.000000
3.399861 0.222401 0.003547 0.040460 0.016656 0.005048 0.019786 1.197102 5.975860 6.027866 0.000000
13.571707 0.222432 0.003521 0.039673 0.015634 0.005382 0.013867 1.208953 5.058104 5.230995 0.000000
4.837066 0.224819 0.004154 0.040383 0.023682 0.003166 0.007191 1.200231 5.790885 2.461118 1.000000
17.630548 0.227159 0.003691 0.040481 0.028918 0.003314 0.007445 1.184380 0.040285 3.120319 1.000000
12.306454 0.225308 0.003544 0.040109 0.026847 0.003326 0.015638 1.247284 5.346799 5.539255 0.000000
17.970245 0.225220 0.004098 0.040192 0.013723 0.003683 0.014535 1.221022 5.688245 5.881864 0.000000
11.760880 0.222851 0.003898 0.039718 0.013126 0.003121 0.017415 1.215997 4.683365 4.944822 0.000000
11.907759 0.225221 0.004159 0.040479 0.029014 0.004623 0.013845 1.181563 4.838999 5.017203 0.000000
8.611186 0.224802 0.003584 0.040103 0.022580 0.006298 0.015788 1.246253 0.472739 0.490698 0.000000
14.284109 0.226305 0.003953 0.040223 0.012939 0.004040 0.019393 1.215707 5.713146 5.891950 0.000000
14.333662 0.224754 0.003950 0.039771 0.020380 0.004226 0.007118 1.217812 4.873809 2.135907 1.000000
10.426382 0.225684 0.003575 0.040590 0.023191 0.004750 0.012109 1.187213 0.041949 0.137943 0.000000
23.856476 0.222070 0.003972 0.039626 0.011568 0.002667 0.006297 1.197558 0.770565 4.154480 1.000000
15.467977 0.226510 0.003584 0.040008 0.010504 0.004598 0.010615 1.189242 5.350940 5.449354 0.000000
10.657650 0.226431 0.004378 0.040255 0.028115 0.005033 0.006634 1.183958 5.101054 1.806877 1.000000
17.965597 0.223188 0.003844 0.040613 0.011052 0.003944 0.007829 1.193899 0.183057 3.195611 1.000000
9.888606 0.225543 0.003489 0.039952 0.025065 0.002710 0.007562 1.221532 0.522262 3.610747 1.000000
21.188871 0.224810 0.004288 0.039740 0.012616 0.005140 0.006328 1.213285 5.810322 2.637819 1.000000
29.705532 0.226798 0.003684 0.039635 0.010362 0.005851 0.019944 1.187696 5.072276 5.233945 0.000000
5.845670 0.222346 0.003611 0.040352 0.027709 0.004609 0.011569 1.204182 5.402568 5.620717 0.000000
16.900278 0.227060 0.004089 0.039967 0.019761 0.004515 0.007171 1.191678 5.536447 2.244249 1.000000
10.821158 0.223108 0.003847 0.040188 0.014336 0.005689 0.018085 1.181791 5.240172 5.467526 0.000000
4.181512 0.224141 0.004037 0.040071 0.025424 0.004350 0.006139 1.209710 5.100243 1.988906 1.000000
10.079459 0.223298 0.003492 0.040179 0.016562 0.003657 0.016482 1.192114 5.187402 5.474371 0.000000
12.499670 0.223484 0.004052 0.040364 0.011295 0.004826 0.012752 1.186129 5.216001 5.354721 0.000000
20.516062 0.229702 0.004218 0.039619 0.016894 0.005546 0.018204 1.182388 5.077316 5.212434 0.000000
28.990724 0.223705 0.004013 0.040642 0.015908 0.003733 0.007442 1.191800 5.475675 2.146917 1.000000
9.331645 0.223237 0.004067 0.040544 0.030994 0.003248 0.015479 1.249545 5.052410 5.320818 0.000000
9.260599 0.222796 0.003662 0.039729 0.014978 0.004119 0.011039 1.253251 0.548020 0.532718 0.000000
7.384550 0.223059 0.003776 0.039656 0.025375 0.003920 0.012788 1.205970 5.105564 5.334424 0.000000
8.957819 0.224090 0.003498 0.039701 0.026594 0.005393 0.007926 1.259764 5.582158 2.927808 1.000000
8.435462 0.222820 0.004386 0.039778 0.025070 0.003903 0.007377 1.222653 5.681525 2.243860 1.000000
9.016179 0.229895 0.003987 0.040358 0.030361 0.003753 0.016728 1.196059 0.101657 0.177348 0.000000
7.957787 0.226568 0.004137 0.040362 0.034230 0.003040 0.007539 1.200554 5.862092 2.435499 1.000000
7.107617 0.222945 0.004124 0.039653 0.010609 0.006285 0.011166 1.184120 0.123773 0.142525 0.000000
8.859604 0.226834 0.004156 0.039728 0.027311 0.004130 0.018695 1.207680 6.187020 0.034038 0.000000
11.704086 0.227798 0.003482 0.039735 0.011147 0.005737 0.011650 1.185797 0.674554 0.729066 0.000000
7.617968 0.226546 0.003632 0.040355 0.011329 0.005416 0.017396 1.182431 5.584295 5.690814 0.000000
3.244740 0.227755 0.003744 0.040060 0.012546 0.004059 0.019165 1.200110 6.154556 6.194027 0.000000
11.973069 0.222511 0.003546 0.040290 0.010276 0.003536 0.013026 1.206915 5.653719 5.733764 0.000000
8.091469 0.224295 0.004069 0.040229 0.023027 0.005172 0.007593 1.210441 5.581903 2.238193 1.000000
12.662428 0.225208 0.004098 0.039948 0.013076 0.005859 0.019062 1.198276 4.539950 4.771272 0.000000
6.559565 0.224581 0.003651 0.040149 0.029203 0.004282 0.018119 1.224903 5.700832 5.931831 0.000000
17.884787 0.226934 0.003566 0.040185 0.014634 0.004319 0.006587 1.189677 6.045925 2.828060 1.000000
12.468090 0.222909 0.003688 0.039923 0.018012 0.005119 0.017874 1.181677 0.724958 0.682476 0.000000
9.668867 0.222843 0.003992 0.040236 0.032431 0.004384 0.010887 1.240324 5.090580 5.241335 0.000000
3.876794 0.224206 0.003960 0.039900 0.018059 0.005114 0.006835 1.218481 5.575933 2.547577 1.000000
23.599763 0.227712 0.004039 0.039779 0.020212 0.004115 0.006179 1.186176 0.761336 3.903965 1.000000
6.091923 0.223636 0.003639 0.040284 0.033118 0.004309 0.007436 1.187337 5.033835 1.595949 1.000000
22.859606 0.222329 0.004456 0.040119 0.019525 0.005106 0.013996 1.184432 4.777780 4.908749 0.000000
16.799141 0.223176 0.003811 0.039639 0.021204 0.004349 0.007616 1.196543 5.610411 2.765501 1.000000
26.911501 0.225238 0.003967 0.039631 0.022177 0.003802 0.006417 1.240356 6.092152 2.878417 1.000000
24.563493 0.222531 0.003559 0.039848 0.011490 0.004018 0.013160 1.193061 0.171761 0.206226 0.000000
27.325925 0.223911 0.003939 0.039786 0.018152 0.004914 0.012890 1.207088 5.753524 5.821185 0.000000
5.001576 0.224847 0.003795 0.040532 0.025218 0.003490 0.007903 1.197928 0.260676 4.052364 1.000000
10.953891 0.223021 0.003879 0.040425 0.012257 0.004525 0.010277 1.200027 4.991467 5.118472 0.000000
9.397469 0.222564 0.003652 0.040006 0.029769 0.004391 0.011734 1.180777 0.175134 0.237625 0.000000
27.387274 0.222536 0.003885 0.039720 0.014692 0.003302 0.006417 1.183800 4.939904 1.792061 1.000000
8.358160 0.226722 0.003978 0.039852 0.029701 0.003234 0.009973 1.192676 5.670952 5.857123 0.000000
13.743448 0.222709 0.003761 0.039983 0.014361 0.005586 0.011532 1.208018 6.036378 6.147622 0.000000
15.346448 0.225110 0.004098 0.039819 0.015381 0.005508 0.015947 1.215198 5.339999 5.490454 0.000000
11.371321 0.222971 0.003817 0.040228 0.011783 0.004603 0.010030 1.191585 0.042032 0.084158 0.000000
18.129375 0.224677 0.003537 0.039633 0.011423 0.003473 0.012641 1.242701 5.233943 5.424166 0.000000
18.186164 0.222112 0.004090 0.039907 0.011874 0.004588 0.017823 1.214712 6.244741 0.016680 0.000000
10.555315 0.222646 0.004060 0.040102 0.026400 0.005303 0.007903 1.245438 0.127412 3.133458 1.000000
4.120067 0.225475 0.004239 0.039726 0.012082 0.004369 0.006742 1.208010 5.632277 2.786417 1.000000
13.453032 0.222058 0.003568 0.040332 0.013463 0.004917 0.010069 1.231202 5.276111 5.393693 0.000000
18.045167 0.225617 0.004024 0.040564 0.019882 0.003873 0.007915 1.182510 5.328385 2.463170 1.000000
7.375001 0.225480 0.004180 0.039700 0.012721 0.005570 0.010889 1.181243 5.772194 5.914411 0.000000
12.043673 0.222502 0.003496 0.039784 0.022742 0.005607 0.017148 1.278735 5.463367 5.613322 0.000000
3.381463 0.225435 0.003508 0.040103 0.033041 0.003897 0.007183 1.205600 5.433727 2.105487 1.000000
20.014406 0.222059 0.004328 0.040052 0.015066 0.004234 0.008030 1.188645 0.124738 3.177241 1.000000
5.181272 0.225337 0.003705 0.039844 0.013448 0.005263 0.010118 1.185073 0.777604 0.714076 0.000000
6.778331 0.224069 0.003485 0.040565 0.012646 0.003577 0.016567 1.193500 5.298306 5.580291 0.000000
17.955124 0.222351 0.003694 0.040398 0.016635 0.003483 0.007150 1.180912 4.434882 1.606213 1.000000
18.919005 0.222389 0.003539 0.040071 0.018157 0.003311 0.006693 1.231396 5.854505 2.907115 1.000000
9.797117 0.228252 0.004010 0.040273 0.022886 0.005779 0.014159 1.208172 5.897800 6.009956 0.000000
9.959239 0.223482 0.003842 0.039785 0.031282 0.004321 0.012391 1.284553 5.751432 5.887016 0.000000
5.182081 0.225962 0.003712 0.040172 0.013165 0.005001 0.018465 1.194858 5.458352 5.533832 0.000000
5.213956 0.223283 0.004075 0.039709 0.010756 0.006296 0.012589 1.208183 6.136413 6.240116 0.000000
20.349326 0.222899 0.003688 0.039668 0.010514 0.003398 0.007742 1.200218 0.594171 3.876115 1.000000
5.378896 0.227484 0.003494 0.039831 0.018946 0.005941 0.014413 1.244980 5.636395 5.810100 0.000000
3.798303 0.222108 0.004167 0.040073 0.026464 0.002862 0.007318 1.214180 5.179409 2.274143 1.000000
17.009950 0.226793 0.003585 0.040347 0.018913 0.002951 0.008002 1.192729 5.937048 2.865402 1.000000
8.696044 0.221999 0.004026 0.040078 0.018626 0.004302 0.016630 1.231400 4.839234 5.076869 0.000000
12.338145 0.223280 0.003612 0.040202 0.012429 0.006190 0.019055 1.227641 0.608302 0.617074 0.000000
23.904758 0.223382 0.004253 0.039829 0.012545 0.006350 0.012256 1.223521 6.094767 6.124438 0.000000
13.152574 0.223941 0.003847 0.039720 0.023451 0.004734 0.007622 1.210074 5.012117 1.840413 1.000000
3.510355 0.223699 0.003737 0.039869 0.020994 0.005691 0.007427 1.222378 5.759143 2.552949 1.000000
3.955734 0.224360 0.003870 0.040460 0.014520 0.004947 0.009932 1.191559 5.696199 5.787595 0.000000
18.514245 0.227320 0.004349 0.039644 0.016921 0.003165 0.007194 1.186045 5.934174 3.122688 1.000000
11.355422 0.228726 0.004037 0.039877 0.022106 0.004252 0.019160 1.205114 5.855724 6.000841 0.000000
6.898974 0.222769 0.003604 0.039799 0.010420 0.005375 0.006972 1.198211 5.673294 2.448843 1.000000
15.045930 0.224218 0.004030 0.039656 0.021796 0.003703 0.011908 1.203702 4.657154 4.828811 0.000000
5.357759 0.224136 0.004365 0.039621 0.027972 0.005003 0.007805 1.243049 5.883617 2.408665 1.000000
5.437404 0.226676 0.003486 0.039788 0.026740 0.003157 0.007465 1.198084 0.461094 3.884976 1.000000
10.564674 0.223500 0.004145 0.040010 0.016862 0.004614 0.007249 1.191988 5.932001 2.937446 1.000000
7.949324 0.223557 0.003905 0.039802 0.023028 0.002981 0.007305 1.184705 0.332755 3.422569 1.000000
7.017209 0.224409 0.004013 0.040427 0.020251 0.005591 0.018391 1.185122 5.683989 5.935021 0.000000
5.254968 0.221893 0.003688 0.039840 0.016182 0.006438 0.015713 1.229404 5.425729 5.584835 0.000000
5.553695 0.223158 0.003942 0.040169 0.028767 0.004295 0.006434 1.197842 6.161775 2.790126 1.000000
5.880753 0.226206 0.003487 0.039841 0.025049 0.005602 0.017489 1.260539 6.015585 6.138530 0.000000
22.358190 0.222325 0.003492 0.039702 0.011885 0.003237 0.013259 1.236150 0.788443 0.708963 0.000000
14.264955 0.223237 0.003491 0.040434 0.010504 0.005131 0.013097 1.205614 5.699898 5.748838 0.000000
16.767568 0.221961 0.003663 0.039850 0.013864 0.004190 0.006993 1.199655 5.225748 2.085401 1.000000
4.362999 0.222957 0.003712 0.040649 0.022559 0.004849 0.006574 1.188724 0.207765 3.658857 1.000000
23.114603 0.226678 0.004260 0.039614 0.025621 0.004585 0.006383 1.216377 0.301358 3.410593 1.000000
6.309340 0.222812 0.003699 0.040538 0.011149 0.002773 0.006886 1.187444 6.159642 3.705342 1.000000
5.362359 0.226355 0.003761 0.039699 0.026308 0.003821 0.007684 1.222230 4.861719 1.750619 1.000000
11.867586 0.227184 0.003846 0.040575 0.021976 0.004658 0.007907 1.185591 5.723849 2.542866 1.000000
6.627975 0.224744 0.004088 0.039876 0.020459 0.005837 0.017598 1.189068 6.132647 0.015604 0.000000
14.139958 0.226943 0.003636 0.039959 0.015514 0.003476 0.012328 1.201696 5.071553 5.304138 0.000000
21.033667 0.222775 0.003861 0.040165 0.017070 0.003177 0.007375 1.186113 6.147864 3.102402 1.000000
13.172752 0.225887 0.003800 0.040097 0.019718 0.005103 0.007749 1.194277 5.179502 1.884034 1.000000
25.667390 0.225207 0.003892 0.039845 0.011717 0.004898 0.010346 1.180753 4.987689 5.103211 0.000000
11.736249 0.222867 0.003964 0.039644 0.023992 0.003954 0.014374 1.225518 4.664618 4.870982 0.000000
3.539800 0.225740 0.003767 0.040056 0.025254 0.005173 0.006269 1.208470 5.676393 2.944414 1.000000
10.640917 0.223878 0.003984 0.040187 0.014160 0.006337 0.017907 1.189528 5.239420 5.466633 0.000000
3.427252 0.222503 0.003883 0.040501 0.014633 0.004734 0.007760 1.183759 0.926966 4.512534 1.000000
9.441880 0.228085 0.003895 0.039780 0.024977 0.004505 0.012689 1.204349 5.982977 6.083990 0.000000
6.738214 0.225754 0.003753 0.040389 0.028821 0.003861 0.018506 1.276590 5.433436 5.707970 0.000000
6.917826 0.222378 0.003869 0.039616 0.016155 0.003650 0.006254 1.234756 5.332621 2.305077 1.000000
24.687310 0.223842 0.003584 0.039974 0.017088 0.004169 0.006514 1.212870 6.047347 2.825619 1.000000
5.953782 0.224315 0.003947 0.039763 0.017183 0.004569 0.007382 1.192650 5.637795 2.783259 1.000000
4.880616 0.225277 0.003735 0.039689 0.026605 0.004450 0.007969 1.249235 5.556364 2.957954 1.000000
25.288365 0.225971 0.004159 0.040029 0.013444 0.003312 0.007564 1.188582 4.840412 2.134824 1.000000
26.619346 0.225428 0.003969 0.039629 0.012413 0.005755 0.017227 1.205873 0.376512 0.368614 0.000000
21.367616 0.227831 0.003529 0.039832 0.029427 0.004074 0.007168 1.196659 0.125935 3.271426 1.000000
15.996799 0.226287 0.003998 0.039875 0.024407 0.005573 0.007156 1.200712 5.327138 2.232739 1.000000
8.217746 0.222502 0.003486 0.040423 0.030407 0.003334 0.006971 1.209463 0.101365 3.067378 1.000000
3.111545 0.225446 0.004216 0.039870 0.012651 0.006213 0.011687 1.209287 5.957613 6.023888 0.000000
6.722413 0.222228 0.003596 0.040543 0.026648 0.003052 0.006991 1.237690 6.241373 2.767297 1.000000
13.632671 0.223462 0.003906 0.039709 0.023804 0.003238 0.006236 1.203421 5.527653 2.215844 1.000000
6.325073 0.228390 0.004428 0.039700 0.025705 0.004116 0.007342 1.192478 5.096086 1.911057 1.000000
15.756938 0.226936 0.003695 0.040031 0.017578 0.006425 0.014925 1.207339 0.132957 0.157575 0.000000
12.374681 0.223472 0.003702 0.039683 0.024908 0.005197 0.006607 1.212186 0.325206 3.539862 1.000000
22.304914 0.223779 0.003588 0.039789 0.023486 0.004903 0.007533 1.196796 0.300446 3.196902 1.000000
6.963222 0.223909 0.003591 0.040089 0.022201 0.004584 0.007649 1.244354 5.472300 2.786573 1.000000
6.128469 0.222273 0.004008 0.040090 0.014861 0.005637 0.019779 1.193223 0.005256 0.128994 0.000000
8.452867 0.226531 0.004014 0.040284 0.033447 0.004243 0.006714 1.216634 5.868597 2.506478 1.000000
14.696716 0.226914 0.003734 0.039735 0.025068 0.004275 0.007381 1.181552 6.104365 2.907069 1.000000
7.222386 0.227079 0.004334 0.039982 0.036787 0.003203 0.011524 1.183784 4.882579 5.160000 0.000000
5.901394 0.222881 0.003530 0.040373 0.023710 0.004166 0.014956 1.188611 5.834692 6.021245 0.000000
13.202876 0.222383 0.003823 0.040524 0.012148 0.004036 0.007790 1.188620 4.726632 1.546328 1.000000
7.812759 0.226088 0.003897 0.040291 0.014584 0.006368 0.013085 1.207334 6.011103 6.143510 0.000000
9.474703 0.222713 0.003757 0.039900 0.026767 0.005107 0.006818 1.252306 5.328540 2.548024 1.000000
11.511267 0.227749 0.003712 0.039711 0.024661 0.005066 0.016959 1.243112 5.236774 5.390627 0.000000
11.751221 0.225481 0.003980 0.040027 0.026436 0.004921 0.017191 1.197575 5.327066 5.508779 0.000000
29.407887 0.223069 0.004174 0.040139 0.010548 0.006038 0.018521 1.206557 0.348388 0.330433 0.000000
11.053177 0.222000 0.003823 0.040045 0.025296 0.005140 0.007160 1.220465 0.598512 3.637938 1.000000
7.525220 0.225664 0.004256 0.039666 0.017453 0.003267 0.006988 1.197615 5.817480 2.514253 1.000000
13.270716 0.229111 0.003725 0.040344 0.021566 0.003767 0.015175 1.210806 5.515748 5.683904 0.000000
5.685262 0.223447 0.003959 0.040035 0.019976 0.003764 0.006261 1.201413 5.351284 2.381171 1.000000
7.218288 0.222790 0.003498 0.039818 0.011683 0.005334 0.006538 1.181960 0.772268 3.832847 1.000000
7.470388 0.222351 0.004168 0.039942 0.010940 0.003348 0.011871 1.225090 5.044388 5.260524 0.000000
23.390168 0.222886 0.004034 0.040012 0.013659 0.002847 0.006843 1.213653 5.610221 2.830475 1.000000
6.706072 0.223883 0.003803 0.039829 0.035335 0.002802 0.007106 1.262592 5.852182 2.518332 1.000000
8.321303 0.222502 0.003683 0.040482 0.028126 0.004845 0.013436 1.191445 0.103953 0.213169 0.000000
11.524367 0.227876 0.003556 0.039978 0.026972 0.005039 0.007131 1.183955 6.179661 2.751405 1.000000
3.629464 0.223627 0.004032 0.039998 0.021662 0.003827 0.006049 1.183268 4.792679 1.565774 1.000000
7.698389 0.222911 0.004353 0.039724 0.029568 0.004629 0.016516 1.212459 4.661332 4.919845 0.000000
11.009838 0.228059 0.004193 0.039855 0.018648 0.002704 0.007471 1.193346 6.070567 3.171455 1.000000
11.534577 0.223588 0.004258 0.040096 0.018246 0.005874 0.010958 1.210586 5.780661 5.888150 0.000000
20.026607 0.222686 0.003928 0.040414 0.025061 0.005587 0.006853 1.187408 4.490154 1.598563 1.000000
6.316193 0.224636 0.003562 0.039694 0.015715 0.004141 0.006983 1.218560 5.791761 3.071435 1.000000
5.328272 0.223701 0.003571 0.039659 0.011595 0.002798 0.006620 1.216243 5.972036 2.618182 1.000000
9.224962 0.224589 0.004002 0.039640 0.015716 0.003091 0.007829 1.204737 5.476596 2.395697 1.000000
14.520654 0.223045 0.004148 0.039841 0.017896 0.004039 0.007858 1.245844 6.016440 3.029692 1.000000
28.886987 0.225182 0.003938 0.039682 0.019476 0.005231 0.012865 1.211801 0.919055 0.860223 0.000000
17.621848 0.222365 0.003762 0.040073 0.016905 0.003297 0.006258 1.181605 5.922243 2.500564 1.000000
7.623124 0.225546 0.003756 0.039887 0.019371 0.005378 0.006460 1.207839 6.219089 2.923095 1.000000
4.839006 0.222679 0.003594 0.039625 0.023775 0.004227 0.007071 1.273917 6.062767 3.027943 1.000000
3.182931 0.226246 0.003987 0.039873 0.033521 0.004055 0.007583 1.209854 0.518083 3.421906 1.000000
14.280752 0.227769 0.003808 0.039633 0.015887 0.005681 0.007844 1.195867 0.226986 3.290966 1.000000
3.109273 0.222598 0.004104 0.039961 0.021445 0.003831 0.007251 1.216526 5.326241 1.795872 1.000000
13.874967 0.222514 0.004321 0.039981 0.016921 0.004264 0.007524 1.196607 5.738099 2.437341 1.000000
10.739656 0.223340 0.004148 0.040006 0.020569 0.003409 0.015043 1.202108 5.002460 5.281929 0.000000
25.448981 0.229180 0.004200 0.039669 0.018641 0.005550 0.011585 1.181660 4.770135 4.873679 0.000000
5.195521 0.225271 0.003560 0.039847 0.019406 0.003235 0.007310 1.181339 6.062916 3.618833 1.000000
8.325445 0.224700 0.004319 0.040486 0.013001 0.003560 0.010343 1.187990 5.669137 5.860792 0.000000
4.889533 0.223653 0.004090 0.040091 0.014432 0.004610 0.007719 1.194122 4.831395 1.888677 1.000000
18.036241 0.228232 0.003703 0.039843 0.016171 0.003349 0.016373 1.185298 0.826562 0.755883 0.000000
4.925962 0.224177 0.003717 0.039842 0.013477 0.004646 0.006935 1.183881 1.434095 4.588625 1.000000
25.096444 0.223404 0.003884 0.040514 0.023971 0.004392 0.006311 1.183711 5.749919 2.549707 1.000000
6.453306 0.225249 0.004149 0.039676 0.013044 0.003475 0.007768 1.198060 0.463387 3.953963 1.000000
12.878161 0.223897 0.004003 0.040562 0.021012 0.005297 0.006486 1.182438 5.186978 1.885453 1.000000
13.497122 0.222808 0.003971 0.039939 0.017330 0.005671 0.016437 1.220461 5.586977 5.750048 0.000000
9.988257 0.222535 0.004113 0.039871 0.020167 0.003517 0.007781 1.252936 5.814351 2.551819 1.000000
4.718806 0.224472 0.003932 0.039916 0.012773 0.005131 0.019804 1.228322 5.953275 6.097770 0.000000
10.943559 0.225261 0.003644 0.039706 0.018410 0.004775 0.008021 1.220084 5.126772 1.875540 1.000000
15.421459 0.229890 0.004078 0.040184 0.020595 0.005331 0.013278 1.187062 5.916868 5.998494 0.000000
14.548065 0.222348 0.003497 0.040344 0.012634 0.004576 0.014180 1.222478 5.484927 5.583660 0.000000
11.575276 0.221925 0.004178 0.040108 0.019480 0.002869 0.007349 1.183012 1.098717 4.011349 1.000000
3.265137 0.228389 0.004197 0.039856 0.029089 0.003772 0.007579 1.200026 5.992635 2.785350 1.000000
9.538262 0.225905 0.003492 0.040151 0.026178 0.004554 0.006720 1.221774 6.124255 2.926183 1.000000
8.063084 0.223668 0.004010 0.040392 0.033994 0.003844 0.014295 1.234879 5.683987 5.870494 0.000000
10.438976 0.221910 0.004281 0.040348 0.026182 0.005366 0.006308 1.212052 5.469612 2.675914 1.000000
13.056086 0.223584 0.003698 0.039654 0.017887 0.003596 0.016998 1.183162 5.205219 5.508936 0.000000
15.645223 0.221842 0.003621 0.039776 0.012141 0.002848 0.006314 1.216220 5.687829 2.794624 1.000000
7.060710 0.222625 0.003741 0.039626 0.028989 0.003754 0.017148 1.197477 0.335182 0.404347 0.000000
10.435670 0.224119 0.003952 0.039715 0.040132 0.003259 0.006142 1.199458 5.057644 1.763782 1.000000
3.659573 0.228516 0.004352 0.039848 0.013245 0.003762 0.017540 1.201345 5.266367 5.484027 0.000000
8.639714 0.226467 0.004190 0.039783 0.031356 0.004519 0.011585 1.221419 6.248820 0.070486 0.000000
19.805297 0.223949 0.003912 0.040525 0.016260 0.005393 0.007187 1.192701 0.418681 3.528603 1.000000
12.248473 0.222819 0.003508 0.040163 0.022964 0.005116 0.006468 1.241152 5.754977 2.479197 1.000000
15.572479 0.222022 0.004465 0.040515 0.010851 0.003971 0.011836 1.192371 4.733842 4.966698 0.000000
5.155255 0.224726 0.004187 0.039910 0.015507 0.003769 0.007026 1.209002 0.286328 3.473339 1.000000
9.750382 0.223003 0.003612 0.039889 0.025131 0.005012 0.006523 1.239918 5.206931 1.999580 1.000000
28.468995 0.225545 0.003701 0.040539 0.022722 0.005009 0.007971 1.185320 5.140342 1.970189 1.000000
9.726318 0.224779 0.003990 0.039944 0.026241 0.004809 0.017212 1.204949 5.814725 5.972938 0.000000
26.086785 0.227836 0.004298 0.039679 0.014706 0.005086 0.006905 1.182141 5.066689 1.862270 1.000000
25.882097 0.222039 0.003806 0.040057 0.017999 0.005203 0.006985 1.223157 5.396271 2.216962 1.000000
15.092875 0.225227 0.004555 0.039651 0.015793 0.004398 0.017836 1.193678 4.668060 4.893942 0.000000
8.199938 0.223003 0.004130 0.040559 0.031417 0.004549 0.007881 1.191656 5.026042 1.565225 1.000000
10.687602 0.224258 0.003966 0.039746 0.020793 0.003053 0.007122 1.195805 0.815012 4.116548 1.000000
16.399056 0.227384 0.004326 0.039784 0.027118 0.003165 0.007758 1.183753 4.750282 1.482100 1.000000
15.487810 0.227654 0.003605 0.039762 0.013867 0.004483 0.010763 1.188783 0.321571 0.411560 0.000000
17.488155 0.224116 0.004040 0.039965 0.015482 0.005724 0.012520 1.199356 5.701835 5.775540 0.000000
15.046399 0.228104 0.003843 0.039949 0.014941 0.005212 0.007259 1.182476 5.037867 1.846479 1.000000
12.147411 0.224099 0.003640 0.039715 0.025302 0.005445 0.007593 1.206945 5.708668 2.240791 1.000000
17.413886 0.224687 0.003534 0.039745 0.011185 0.003091 0.006322 1.185441 4.944620 1.784736 1.000000
3.207060 0.223384 0.003997 0.039842 0.014867 0.004354 0.019338 1.221161 5.199416 5.363154 0.000000
11.374701 0.222590 0.003511 0.040037 0.021810 0.004129 0.007976 1.242577 0.680779 3.553997 1.000000
25.589258 0.225038 0.004376 0.040164 0.011044 0.005477 0.019656 1.203195 5.061465 5.239005 0.000000
16.685419 0.222203 0.003736 0.040011 0.020784 0.004318 0.006988 1.233346 4.807683 1.958057 1.000000
9.657032 0.224203 0.003781 0.040078 0.025650 0.002964 0.012225 1.195175 4.726655 4.979600 0.000000
4.274246 0.222283 0.004313 0.039940 0.028116 0.004965 0.007082 1.238903 5.854818 2.772072 1.000000
8.078778 0.228637 0.003597 0.039901 0.020634 0.004905 0.018490 1.226423 6.274694 0.123082 0.000000
4.295044 0.225935 0.004067 0.040048 0.021518 0.002830 0.006351 1.191720 5.012057 1.751170 1.000000
4.833441 0.223574 0.004385 0.040255 0.014752 0.003156 0.006237 1.189874 5.060655 2.340827 1.000000
22.621201 0.225308 0.003607 0.039775 0.013866 0.002876 0.007470 1.215227 5.055260 1.599914 1.000000
20.686656 0.224476 0.003950 0.039718 0.015766 0.003518 0.006310 1.193871 6.076789 2.588937 1.000000
20.750656 0.222396 0.003756 0.039909 0.013852 0.005399 0.019104 1.201277 0.049738 0.078767 0.000000
5.361542 0.223782 0.003991 0.040284 0.018844 0.003422 0.006975 1.214161 5.812268 3.028452 1.000000
11.501267 0.224695 0.003661 0.040083 0.022734 0.004860 0.006573 1.197291 5.347927 1.906368 1.000000
3.847427 0.228030 0.003801 0.039896 0.024970 0.004507 0.006757 1.194303 0.410424 3.721361 1.000000
9.009997 0.223430 0.004096 0.039983 0.017907 0.002679 0.006617 1.227402 5.529170 2.597590 1.000000
8.460267 0.224629 0.004245 0.040508 0.028494 0.004158 0.006804 1.199135 5.451157 2.111004 1.000000
15.892245 0.222114 0.004011 0.039726 0.015950 0.003514 0.007168 1.194295 0.533281 4.036269 1.000000
16.258888 0.223882 0.003565 0.040090 0.024451 0.004841 0.006861 1.213993 5.966235 2.817448 1.000000
10.268330 0.223276 0.003821 0.040061 0.017587 0.004815 0.019398 1.185716 0.601551 0.624483 0.000000
13.092661 0.228594 0.004339 0.039925 0.018756 0.004148 0.015040 1.204730 5.408136 5.566273 0.000000
8.235663 0.227728 0.004188 0.039619 0.026202 0.004113 0.007639 1.185724 0.888514 3.934215 1.000000
16.793564 0.227757 0.004204 0.039646 0.017178 0.005269 0.019338 1.241619 5.405371 5.552952 0.000000
18.646682 0.222155 0.003813 0.040070 0.012269 0.004509 0.011031 1.215834 5.928837 6.043892 0.000000
3.668010 0.223413 0.004200 0.040011 0.014451 0.003013 0.006650 1.187147 1.364234 4.302894 1.000000
16.532326 0.222068 0.004265 0.039957 0.019126 0.003904 0.015355 1.252808 5.953674 6.089308 0.000000
10.288725 0.222877 0.003504 0.040275 0.019609 0.003578 0.010573 1.184167 6.110601 6.186565 0.000000
4.870426 0.223005 0.003878 0.039799 0.014894 0.004958 0.007804 1.237709 0.303633 3.442713 1.000000
5.793349 0.228023 0.003732 0.039682 0.010989 0.005282 0.007414 1.201895 5.378167 2.367973 1.000000
14.789204 0.223998 0.004234 0.039962 0.017662 0.005338 0.010274 1.186575 0.275735 0.313834 0.000000
4.517209 0.226194 0.003900 0.040042 0.013556 0.004371 0.011586 1.202573 5.621988 5.777177 0.000000
4.930038 0.223506 0.004420 0.039691 0.017031 0.003373 0.007356 1.187753 5.547919 2.961611 1.000000
15.946244 0.224017 0.003663 0.039873 0.024570 0.003646 0.006614 1.189505 4.817034 1.542320 1.000000
6.457390 0.222627 0.004292 0.040430 0.025723 0.004813 0.007247 1.211874 5.743488 2.847487 1.000000
9.486981 0.228904 0.004283 0.040016 0.023159 0.004010 0.016937 1.232081 5.653796 5.845869 0.000000
